2015-12-16,000605,15:00:21,2,24.79,476,1180004
2015-12-16,000605,14:57:03,1,24.79,3,7437
2015-12-16,000605,14:56:42,2,24.79,80,198320
2015-12-16,000605,14:56:27,2,24.72,40,98880
2015-12-16,000605,14:56:21,1,24.71,36,88956
2015-12-16,000605,14:56:09,1,24.71,10,24710
2015-12-16,000605,14:56:03,2,24.8,75,186000
2015-12-16,000605,14:55:54,2,24.79,8,19832
2015-12-16,000605,14:55:48,2,24.8,6,14880
2015-12-16,000605,14:55:42,2,24.8,53,131440
2015-12-16,000605,14:55:33,2,24.8,30,74400
2015-12-16,000605,14:55:21,2,24.7,28,69160
2015-12-16,000605,14:55:18,1,24.7,22,54340
2015-12-16,000605,14:55:06,1,24.7,33,81510
2015-12-16,000605,14:55:03,2,24.79,1,2479
2015-12-16,000605,14:55:00,1,24.8,9,22320
2015-12-16,000605,14:54:51,2,24.8,4,9920
2015-12-16,000605,14:54:48,2,24.8,2,4960
2015-12-16,000605,14:54:45,2,24.8,10,24800
2015-12-16,000605,14:54:42,0,24.77,3,7431
2015-12-16,000605,14:54:27,2,24.8,100,248000
2015-12-16,000605,14:54:24,1,24.66,5,12330
2015-12-16,000605,14:54:18,1,24.67,56,138152
2015-12-16,000605,14:54:09,1,24.77,4,9908
2015-12-16,000605,14:54:03,2,24.77,96,237792
2015-12-16,000605,14:54:00,1,24.66,5,12330
2015-12-16,000605,14:53:54,1,24.66,39,96174
2015-12-16,000605,14:53:45,2,24.74,30,74220
2015-12-16,000605,14:53:39,1,24.66,2,4932
2015-12-16,000605,14:53:33,2,24.66,1,2466
2015-12-16,000605,14:53:30,2,24.66,11,27126
2015-12-16,000605,14:53:21,2,24.66,20,49320
2015-12-16,000605,14:53:18,1,24.66,33,81378
2015-12-16,000605,14:53:12,1,24.74,2,4948
2015-12-16,000605,14:53:06,2,24.74,5,12370
2015-12-16,000605,14:53:00,1,24.66,3,7398
2015-12-16,000605,14:52:51,2,24.7,11,27170
2015-12-16,000605,14:52:48,1,24.66,3,7398
2015-12-16,000605,14:52:30,2,24.7,30,74100
2015-12-16,000605,14:52:18,1,24.66,200,493200
2015-12-16,000605,14:52:15,0,24.66,20,49320
2015-12-16,000605,14:52:03,1,24.57,116,285012
2015-12-16,000605,14:52:00,2,24.67,4,9868
2015-12-16,000605,14:51:57,2,24.66,10,24660
2015-12-16,000605,14:51:42,1,24.66,40,98640
2015-12-16,000605,14:51:30,2,24.66,160,394560
2015-12-16,000605,14:51:24,2,24.6,20,49200
2015-12-16,000605,14:51:21,2,24.65,300,739500
2015-12-16,000605,14:51:18,1,24.6,57,140220
2015-12-16,000605,14:51:03,1,24.6,19,46740
2015-12-16,000605,14:51:00,1,24.6,1,2460
2015-12-16,000605,14:50:48,1,24.6,5,12300
2015-12-16,000605,14:50:36,1,24.6,12,29520
2015-12-16,000605,14:50:33,1,24.6,1,2460
2015-12-16,000605,14:50:18,1,24.61,18,44298
2015-12-16,000605,14:50:00,2,24.63,10,24630
2015-12-16,000605,14:49:54,2,24.61,12,29532
2015-12-16,000605,14:49:45,1,24.6,35,86100
2015-12-16,000605,14:49:42,2,24.61,5,12305
2015-12-16,000605,14:49:18,1,24.61,8,19688
2015-12-16,000605,14:49:06,1,24.63,2,4926
2015-12-16,000605,14:49:03,2,24.63,78,192114
2015-12-16,000605,14:48:54,1,24.6,1,2460
2015-12-16,000605,14:48:48,2,24.63,11,27093
2015-12-16,000605,14:48:39,1,24.6,6,14760
2015-12-16,000605,14:48:33,2,24.63,6,14778
2015-12-16,000605,14:48:18,1,24.63,33,81279
2015-12-16,000605,14:47:36,2,24.63,4,9852
2015-12-16,000605,14:47:30,2,24.63,1,2463
2015-12-16,000605,14:47:27,2,24.63,5,12315
2015-12-16,000605,14:47:21,1,24.6,50,123000
2015-12-16,000605,14:47:09,2,24.63,6,14778
2015-12-16,000605,14:47:06,0,24.6,10,24600
2015-12-16,000605,14:46:32,2,24.58,35,86030
2015-12-16,000605,14:46:17,0,24.58,15,36870
2015-12-16,000605,14:45:47,2,24.58,5,12290
2015-12-16,000605,14:45:41,2,24.58,1,2458
2015-12-16,000605,14:45:29,1,24.57,6,14742
2015-12-16,000605,14:45:17,1,24.58,22,54075
2015-12-16,000605,14:45:11,2,24.63,1,2463
2015-12-16,000605,14:45:08,1,24.58,2,4916
2015-12-16,000605,14:44:59,1,24.58,52,127815
2015-12-16,000605,14:44:56,1,24.58,2,4916
2015-12-16,000605,14:44:26,1,24.58,15,36870
2015-12-16,000605,14:44:17,1,24.58,50,122899
2015-12-16,000605,14:44:08,0,24.59,10,24590
2015-12-16,000605,14:43:56,1,24.58,24,58991
2015-12-16,000605,14:43:53,2,24.6,30,73800
2015-12-16,000605,14:43:38,1,24.58,4,9832
2015-12-16,000605,14:43:35,1,24.58,1,2458
2015-12-16,000605,14:43:29,2,24.59,20,49180
2015-12-16,000605,14:43:26,2,24.59,2,4918
2015-12-16,000605,14:43:17,1,24.59,38,93442
2015-12-16,000605,14:43:11,2,24.6,106,260760
2015-12-16,000605,14:42:56,1,24.6,119,292740
2015-12-16,000605,14:42:32,1,24.6,1,2460
2015-12-16,000605,14:42:20,2,24.61,10,24610
2015-12-16,000605,14:42:17,0,24.61,23,56603
2015-12-16,000605,14:41:29,2,24.6,11,27060
2015-12-16,000605,14:41:23,2,24.6,5,12300
2015-12-16,000605,14:41:17,1,24.6,37,91020
2015-12-16,000605,14:41:14,2,24.66,4,9864
2015-12-16,000605,14:41:11,1,24.6,4,9840
2015-12-16,000605,14:40:53,2,24.65,75,184875
2015-12-16,000605,14:40:20,1,24.59,50,122950
2015-12-16,000605,14:40:08,2,24.65,4,9860
2015-12-16,000605,14:39:44,2,24.6,2,4920
2015-12-16,000605,14:39:29,2,24.6,6,14760
2015-12-16,000605,14:39:23,1,24.58,7,17206
2015-12-16,000605,14:39:20,1,24.58,50,122899
2015-12-16,000605,14:39:14,2,24.6,2,4920
2015-12-16,000605,14:38:59,2,24.6,11,27060
2015-12-16,000605,14:38:53,1,24.57,100,245700
2015-12-16,000605,14:38:47,2,24.6,5,12300
2015-12-16,000605,14:38:29,1,24.59,2,4918
2015-12-16,000605,14:38:26,1,24.58,57,140106
2015-12-16,000605,14:38:17,1,24.58,50,122899
2015-12-16,000605,14:38:11,2,24.59,1,2459
2015-12-16,000605,14:38:02,0,24.59,1,2459
2015-12-16,000605,14:37:53,1,24.57,146,359409
2015-12-16,000605,14:37:50,2,24.6,20,49200
2015-12-16,000605,14:37:32,1,24.59,14,34426
2015-12-16,000605,14:37:26,2,24.6,2,4920
2015-12-16,000605,14:37:17,1,24.6,27,66420
2015-12-16,000605,14:37:14,2,24.61,2,4922
2015-12-16,000605,14:37:11,1,24.6,78,191880
2015-12-16,000605,14:37:05,1,24.6,6,14760
2015-12-16,000605,14:36:53,1,24.6,10,24600
2015-12-16,000605,14:36:35,1,24.6,24,59040
2015-12-16,000605,14:36:32,2,24.61,10,24610
2015-12-16,000605,14:36:17,0,24.61,12,29532
2015-12-16,000605,14:35:56,1,24.6,11,27060
2015-12-16,000605,14:35:47,1,24.6,89,218940
2015-12-16,000605,14:35:44,1,24.6,10,24600
2015-12-16,000605,14:35:38,2,24.61,5,12305
2015-12-16,000605,14:35:32,1,24.6,12,29520
2015-12-16,000605,14:35:20,2,24.61,20,49220
2015-12-16,000605,14:35:17,1,24.61,25,61525
2015-12-16,000605,14:34:59,2,24.64,1,2464
2015-12-16,000605,14:34:41,1,24.64,3,7392
2015-12-16,000605,14:34:35,1,24.64,5,12320
2015-12-16,000605,14:34:32,2,24.64,2,4928
2015-12-16,000605,14:34:17,1,24.6,50,123000
2015-12-16,000605,14:33:44,1,24.6,51,125460
2015-12-16,000605,14:33:41,1,24.6,6,14760
2015-12-16,000605,14:33:38,1,24.61,6,14766
2015-12-16,000605,14:33:35,2,24.61,11,27071
2015-12-16,000605,14:33:29,2,24.61,5,12305
2015-12-16,000605,14:33:23,2,24.61,20,49220
2015-12-16,000605,14:33:20,1,24.61,14,34454
2015-12-16,000605,14:33:08,0,24.61,6,14766
2015-12-16,000605,14:33:02,1,24.6,40,98400
2015-12-16,000605,14:32:50,0,24.65,2,4930
2015-12-16,000605,14:32:23,1,24.6,4,9840
2015-12-16,000605,14:32:20,1,24.6,50,123000
2015-12-16,000605,14:32:02,2,24.66,2,4932
2015-12-16,000605,14:31:41,2,24.62,10,24620
2015-12-16,000605,14:31:32,2,24.62,4,9848
2015-12-16,000605,14:31:20,0,24.62,9,22158
2015-12-16,000605,14:30:23,1,24.6,28,68880
2015-12-16,000605,14:30:17,1,24.6,62,152520
2015-12-16,000605,14:30:14,1,24.6,6,14760
2015-12-16,000605,14:30:05,0,24.6,1,2460
2015-12-16,000605,14:29:59,2,24.69,2,4938
2015-12-16,000605,14:29:53,0,24.6,4,9840
2015-12-16,000605,14:29:44,2,24.6,14,34440
2015-12-16,000605,14:29:41,1,24.6,11,27060
2015-12-16,000605,14:29:38,1,24.6,17,41820
2015-12-16,000605,14:29:35,1,24.6,68,167280
2015-12-16,000605,14:29:29,2,24.69,1,2469
2015-12-16,000605,14:29:23,2,24.59,25,61475
2015-12-16,000605,14:29:17,1,24.59,25,61475
2015-12-16,000605,14:29:11,2,24.6,1,2460
2015-12-16,000605,14:29:08,2,24.6,3,7380
2015-12-16,000605,14:28:59,0,24.59,4,9836
2015-12-16,000605,14:28:38,1,24.6,7,17220
2015-12-16,000605,14:28:32,1,24.6,56,137760
2015-12-16,000605,14:28:26,1,24.6,254,624840
2015-12-16,000605,14:28:20,0,24.6,18,44280
2015-12-16,000605,14:28:17,1,24.58,60,147480
2015-12-16,000605,14:28:14,2,24.6,16,39360
2015-12-16,000605,14:27:59,2,24.6,1,2460
2015-12-16,000605,14:27:38,2,24.6,10,24600
2015-12-16,000605,14:27:35,1,24.6,31,76260
2015-12-16,000605,14:27:29,1,24.6,276,678960
2015-12-16,000605,14:27:20,2,24.58,36,88488
2015-12-16,000605,14:27:17,1,24.58,14,34412
2015-12-16,000605,14:26:56,2,24.6,2,4920
2015-12-16,000605,14:26:47,2,24.6,17,41820
2015-12-16,000605,14:26:38,1,24.6,26,63960
2015-12-16,000605,14:26:31,1,24.6,231,568260
2015-12-16,000605,14:26:25,2,24.58,43,105693
2015-12-16,000605,14:26:19,0,24.58,7,17206
2015-12-16,000605,14:25:19,1,24.58,50,122899
2015-12-16,000605,14:24:43,1,24.57,3,7371
2015-12-16,000605,14:24:37,2,24.58,7,17206
2015-12-16,000605,14:24:31,1,24.57,2,4914
2015-12-16,000605,14:24:28,2,24.58,3,7373
2015-12-16,000605,14:24:22,2,24.58,4,9832
2015-12-16,000605,14:24:19,1,24.58,36,88488
2015-12-16,000605,14:24:01,1,24.6,5,12300
2015-12-16,000605,14:23:58,1,24.6,1,2460
2015-12-16,000605,14:23:49,1,24.6,14,34440
2015-12-16,000605,14:23:46,1,24.61,1,2461
2015-12-16,000605,14:23:40,1,24.61,8,19688
2015-12-16,000605,14:23:34,2,24.6,41,100860
2015-12-16,000605,14:23:19,1,24.6,9,22140
2015-12-16,000605,14:23:16,0,24.6,2,4920
2015-12-16,000605,14:23:13,1,24.6,3,7380
2015-12-16,000605,14:23:01,2,24.6,41,100860
2015-12-16,000605,14:22:55,2,24.6,3,7380
2015-12-16,000605,14:22:52,2,24.6,47,115620
2015-12-16,000605,14:22:49,2,24.6,1,2460
2015-12-16,000605,14:22:46,2,24.6,5,12300
2015-12-16,000605,14:22:34,1,24.6,12,29520
2015-12-16,000605,14:22:31,1,24.6,109,268140
2015-12-16,000605,14:22:25,1,24.61,3,7383
2015-12-16,000605,14:22:22,1,24.61,30,73830
2015-12-16,000605,14:22:19,2,24.62,1,2462
2015-12-16,000605,14:22:16,1,24.62,127,312674
2015-12-16,000605,14:22:13,2,24.74,10,24740
2015-12-16,000605,14:22:07,1,24.7,1,2470
2015-12-16,000605,14:22:04,2,24.74,15,37110
2015-12-16,000605,14:22:01,1,24.7,10,24700
2015-12-16,000605,14:21:31,2,24.73,5,12365
2015-12-16,000605,14:21:22,2,24.7,2,4940
2015-12-16,000605,14:21:16,1,24.61,50,123050
2015-12-16,000605,14:21:10,1,24.61,5,12305
2015-12-16,000605,14:21:04,2,24.7,1,2470
2015-12-16,000605,14:20:31,2,24.61,33,81213
2015-12-16,000605,14:20:16,1,24.61,17,41837
2015-12-16,000605,14:20:07,0,24.73,1,2473
2015-12-16,000605,14:19:31,2,24.58,10,24580
2015-12-16,000605,14:19:25,2,24.58,13,31953
2015-12-16,000605,14:19:22,2,24.58,22,54075
2015-12-16,000605,14:19:19,1,24.58,5,12290
2015-12-16,000605,14:19:07,1,24.74,6,14843
2015-12-16,000605,14:19:04,1,24.74,86,212764
2015-12-16,000605,14:18:58,1,24.74,162,400788
2015-12-16,000605,14:18:43,2,24.74,370,915380
2015-12-16,000605,14:18:34,2,24.65,1,2465
2015-12-16,000605,14:18:28,1,24.56,9,22104
2015-12-16,000605,14:18:22,2,24.65,1,2465
2015-12-16,000605,14:18:16,1,24.56,59,144904
2015-12-16,000605,14:17:49,1,24.56,2,4912
2015-12-16,000605,14:17:40,1,24.56,1,2456
2015-12-16,000605,14:17:31,0,24.65,2,4930
2015-12-16,000605,14:17:19,2,24.68,150,370200
2015-12-16,000605,14:17:16,1,24.55,5,12275
2015-12-16,000605,14:17:13,1,24.55,1,2455
2015-12-16,000605,14:17:10,2,24.68,130,320840
2015-12-16,000605,14:17:07,1,24.55,9,22095
2015-12-16,000605,14:16:49,1,24.55,2,4910
2015-12-16,000605,14:16:40,1,24.55,3,7365
2015-12-16,000605,14:16:37,2,24.55,28,68740
2015-12-16,000605,14:16:34,2,24.55,20,49100
2015-12-16,000605,14:16:25,2,24.55,8,19640
2015-12-16,000605,14:16:19,1,24.51,60,147060
2015-12-16,000605,14:16:10,1,24.5,1,2450
2015-12-16,000605,14:16:07,1,24.5,50,122500
2015-12-16,000605,14:16:04,0,24.51,1,2451
2015-12-16,000605,14:15:49,1,24.5,7,17150
2015-12-16,000605,14:15:31,2,24.52,1,2452
2015-12-16,000605,14:15:28,1,24.5,10,24500
2015-12-16,000605,14:15:25,2,24.55,10,24550
2015-12-16,000605,14:15:19,1,24.51,138,338238
2015-12-16,000605,14:15:16,1,24.55,12,29460
2015-12-16,000605,14:15:13,1,24.55,11,27005
2015-12-16,000605,14:15:07,1,24.55,2,4910
2015-12-16,000605,14:15:01,2,24.56,4,9824
2015-12-16,000605,14:14:49,1,24.56,20,49120
2015-12-16,000605,14:14:46,1,24.56,11,27016
2015-12-16,000605,14:14:31,2,24.58,1,2458
2015-12-16,000605,14:14:22,2,24.58,1,2458
2015-12-16,000605,14:14:16,2,24.58,1,2458
2015-12-16,000605,14:14:13,1,24.58,4,9832
2015-12-16,000605,14:14:01,0,24.59,1,2459
2015-12-16,000605,14:13:49,1,24.58,21,51618
2015-12-16,000605,14:13:46,2,24.6,2,4920
2015-12-16,000605,14:13:40,1,24.6,538,1323480
2015-12-16,000605,14:13:28,1,24.61,40,98440
2015-12-16,000605,14:13:19,2,24.63,2,4926
2015-12-16,000605,14:13:16,1,24.61,50,123050
2015-12-16,000605,14:13:04,1,24.65,10,24650
2015-12-16,000605,14:12:55,1,24.65,60,147900
2015-12-16,000605,14:12:46,2,24.65,40,98600
2015-12-16,000605,14:12:43,1,24.63,61,150243
2015-12-16,000605,14:12:22,1,24.63,100,246300
2015-12-16,000605,14:12:19,1,24.63,50,123150
2015-12-16,000605,14:12:13,1,24.63,1,2463
2015-12-16,000605,14:12:07,2,24.65,8,19720
2015-12-16,000605,14:12:01,1,24.63,45,110835
2015-12-16,000605,14:11:58,1,24.63,50,123150
2015-12-16,000605,14:11:49,1,24.63,50,123150
2015-12-16,000605,14:11:46,2,24.65,1,2465
2015-12-16,000605,14:11:43,1,24.63,20,49260
2015-12-16,000605,14:11:40,1,24.63,2,4926
2015-12-16,000605,14:11:37,1,24.63,48,118224
2015-12-16,000605,14:11:31,1,24.65,56,138040
2015-12-16,000605,14:11:22,1,24.65,143,352495
2015-12-16,000605,14:11:04,2,24.69,1,2469
2015-12-16,000605,14:11:01,1,24.65,5,12325
2015-12-16,000605,14:10:55,1,24.65,2,4930
2015-12-16,000605,14:10:40,1,24.65,60,147900
2015-12-16,000605,14:10:37,1,24.65,15,36975
2015-12-16,000605,14:10:28,2,24.65,22,54230
2015-12-16,000605,14:10:19,1,24.63,50,123150
2015-12-16,000605,14:10:13,1,24.63,33,81279
2015-12-16,000605,14:10:01,1,24.65,100,246500
2015-12-16,000605,14:09:49,1,24.65,28,69020
2015-12-16,000605,14:09:46,1,24.65,11,27115
2015-12-16,000605,14:09:37,1,24.65,5,12325
2015-12-16,000605,14:09:25,1,24.65,27,66555
2015-12-16,000605,14:09:19,1,24.65,52,128179
2015-12-16,000605,14:09:16,2,24.69,10,24690
2015-12-16,000605,14:09:07,1,24.65,2,4930
2015-12-16,000605,14:08:55,1,24.65,13,32044
2015-12-16,000605,14:08:37,1,24.65,15,36975
2015-12-16,000605,14:08:28,1,24.65,16,39440
2015-12-16,000605,14:08:22,1,24.65,1,2465
2015-12-16,000605,14:08:19,2,24.64,91,224224
2015-12-16,000605,14:08:10,1,24.64,29,71456
2015-12-16,000605,14:07:31,2,24.66,9,22194
2015-12-16,000605,14:07:19,1,24.65,29,71485
2015-12-16,000605,14:06:46,0,24.67,5,12335
2015-12-16,000605,14:06:15,1,24.65,5,12325
2015-12-16,000605,14:06:06,2,24.67,2,4934
2015-12-16,000605,14:06:00,1,24.64,1,2464
2015-12-16,000605,14:05:39,1,24.64,5,12320
2015-12-16,000605,14:05:15,1,24.64,50,123200
2015-12-16,000605,14:04:54,1,24.64,20,49280
2015-12-16,000605,14:04:33,1,24.64,3,7392
2015-12-16,000605,14:04:18,1,24.65,102,251430
2015-12-16,000605,14:04:12,1,24.65,12,29580
2015-12-16,000605,14:03:42,1,24.65,20,49300
2015-12-16,000605,14:03:36,2,24.66,5,12330
2015-12-16,000605,14:03:33,1,24.65,7,17255
2015-12-16,000605,14:03:18,1,24.66,37,91242
2015-12-16,000605,14:02:51,2,24.66,3,7398
2015-12-16,000605,14:02:18,1,24.66,48,118368
2015-12-16,000605,14:02:12,2,24.67,5,12335
2015-12-16,000605,14:02:03,1,24.66,5,12330
2015-12-16,000605,14:01:39,1,24.66,10,24660
2015-12-16,000605,14:01:30,2,24.67,3,7401
2015-12-16,000605,14:01:18,1,24.66,50,123300
2015-12-16,000605,14:00:42,2,24.67,5,12335
2015-12-16,000605,14:00:33,2,24.66,2,4932
2015-12-16,000605,14:00:18,1,24.66,48,118368
2015-12-16,000605,14:00:06,2,24.67,8,19736
2015-12-16,000605,13:59:51,1,24.67,3,7401
2015-12-16,000605,13:59:39,1,24.67,7,17269
2015-12-16,000605,13:59:24,2,24.67,5,12335
2015-12-16,000605,13:59:18,1,24.66,50,123300
2015-12-16,000605,13:58:51,0,24.67,5,12335
2015-12-16,000605,13:58:15,1,24.66,50,123300
2015-12-16,000605,13:58:12,2,24.7,26,64220
2015-12-16,000605,13:57:51,1,24.66,13,32058
2015-12-16,000605,13:57:48,2,24.67,72,177624
2015-12-16,000605,13:57:36,2,24.67,3,7401
2015-12-16,000605,13:57:18,2,24.67,1,2467
2015-12-16,000605,13:56:18,0,24.67,22,54274
2015-12-16,000605,13:55:48,2,24.67,1,2467
2015-12-16,000605,13:55:18,1,24.67,6,14802
2015-12-16,000605,13:55:15,1,24.67,10,24670
2015-12-16,000605,13:55:09,2,24.7,5,12350
2015-12-16,000605,13:54:36,1,24.65,10,24650
2015-12-16,000605,13:54:30,2,24.67,1,2467
2015-12-16,000605,13:54:24,2,24.67,13,32071
2015-12-16,000605,13:54:21,1,24.65,5,12325
2015-12-16,000605,13:54:18,2,24.67,11,27137
2015-12-16,000605,13:53:30,2,24.67,7,17269
2015-12-16,000605,13:53:18,1,24.67,12,29604
2015-12-16,000605,13:53:03,0,24.7,17,41990
2015-12-16,000605,13:52:54,2,24.71,33,81543
2015-12-16,000605,13:52:45,1,24.67,40,98680
2015-12-16,000605,13:52:42,2,24.67,32,78944
2015-12-16,000605,13:52:30,2,24.64,3,7392
2015-12-16,000605,13:52:24,1,24.64,23,56672
2015-12-16,000605,13:52:18,1,24.67,18,44406
2015-12-16,000605,13:52:12,2,24.67,32,78944
2015-12-16,000605,13:51:51,2,24.65,1,2465
2015-12-16,000605,13:51:45,1,24.64,24,59136
2015-12-16,000605,13:51:39,2,24.65,1,2465
2015-12-16,000605,13:51:21,1,24.65,25,61625
2015-12-16,000605,13:51:15,2,24.66,5,12330
2015-12-16,000605,13:51:03,2,24.66,15,36990
2015-12-16,000605,13:50:57,1,24.64,100,246400
2015-12-16,000605,13:50:39,2,24.66,19,46854
2015-12-16,000605,13:50:36,2,24.65,38,93670
2015-12-16,000605,13:50:18,1,24.65,31,76415
2015-12-16,000605,13:50:12,0,24.66,3,7398
2015-12-16,000605,13:49:51,2,24.65,2,4930
2015-12-16,000605,13:49:45,1,24.64,41,101024
2015-12-16,000605,13:49:33,2,24.64,2,4928
2015-12-16,000605,13:49:21,1,24.63,2,4926
2015-12-16,000605,13:49:18,1,24.63,50,123150
2015-12-16,000605,13:49:09,1,24.63,1,2463
2015-12-16,000605,13:49:00,1,24.63,11,27093
2015-12-16,000605,13:48:54,1,24.64,7,17248
2015-12-16,000605,13:48:36,0,24.64,4,9856
2015-12-16,000605,13:48:21,1,24.62,50,123100
2015-12-16,000605,13:48:18,1,24.65,3,7395
2015-12-16,000605,13:48:12,2,24.65,3,7395
2015-12-16,000605,13:48:06,2,24.65,11,27115
2015-12-16,000605,13:47:57,1,24.65,10,24650
2015-12-16,000605,13:47:45,2,24.67,10,24670
2015-12-16,000605,13:47:39,1,24.65,28,69020
2015-12-16,000605,13:47:24,1,24.65,37,91205
2015-12-16,000605,13:47:18,1,24.65,61,150365
2015-12-16,000605,13:47:15,1,24.65,33,81345
2015-12-16,000605,13:47:06,1,24.65,12,29580
2015-12-16,000605,13:46:57,1,24.65,30,73950
2015-12-16,000605,13:46:27,1,24.65,200,493000
2015-12-16,000605,13:46:18,1,24.67,1,2467
2015-12-16,000605,13:45:56,2,24.68,2,4936
2015-12-16,000605,13:45:47,1,24.67,1,2467
2015-12-16,000605,13:45:35,2,24.68,1,2468
2015-12-16,000605,13:45:29,1,24.65,100,246500
2015-12-16,000605,13:45:20,2,24.68,2,4936
2015-12-16,000605,13:45:17,0,24.68,30,74040
2015-12-16,000605,13:44:50,1,24.68,4,9872
2015-12-16,000605,13:44:23,1,24.68,3,7404
2015-12-16,000605,13:44:20,2,24.68,61,150548
2015-12-16,000605,13:44:14,2,24.66,6,14796
2015-12-16,000605,13:44:11,1,24.66,3,7398
2015-12-16,000605,13:43:53,1,24.65,3,7395
2015-12-16,000605,13:43:47,1,24.65,5,12325
2015-12-16,000605,13:43:44,1,24.65,100,246500
2015-12-16,000605,13:43:35,1,24.65,192,473280
2015-12-16,000605,13:43:32,1,24.68,4,9872
2015-12-16,000605,13:43:26,2,24.69,21,51849
2015-12-16,000605,13:43:20,1,24.69,9,22221
2015-12-16,000605,13:43:14,1,24.69,15,37035
2015-12-16,000605,13:43:08,2,24.74,1,2474
2015-12-16,000605,13:42:50,2,24.69,1,2469
2015-12-16,000605,13:42:44,2,24.69,2,4938
2015-12-16,000605,13:42:35,2,24.69,14,34566
2015-12-16,000605,13:42:17,1,24.69,12,29628
2015-12-16,000605,13:41:53,1,24.69,3,7407
2015-12-16,000605,13:41:41,2,24.7,1,2470
2015-12-16,000605,13:41:23,2,24.7,4,9880
2015-12-16,000605,13:41:17,2,24.7,54,133380
2015-12-16,000605,13:41:11,2,24.7,1,2470
2015-12-16,000605,13:40:56,1,24.67,1,2467
2015-12-16,000605,13:40:44,2,24.69,3,7407
2015-12-16,000605,13:40:41,0,24.67,9,22203
2015-12-16,000605,13:40:14,1,24.66,62,152892
2015-12-16,000605,13:40:08,2,24.7,1,2470
2015-12-16,000605,13:39:44,1,24.65,9,22185
2015-12-16,000605,13:39:29,1,24.65,57,140505
2015-12-16,000605,13:39:17,1,24.69,24,59256
2015-12-16,000605,13:39:14,2,24.7,3,7410
2015-12-16,000605,13:39:05,2,24.7,10,24700
2015-12-16,000605,13:39:02,1,24.7,153,377910
2015-12-16,000605,13:38:50,2,24.73,10,24730
2015-12-16,000605,13:38:44,1,24.7,100,247000
2015-12-16,000605,13:38:38,2,24.73,74,183002
2015-12-16,000605,13:38:17,1,24.73,36,89028
2015-12-16,000605,13:37:56,2,24.74,3,7421
2015-12-16,000605,13:37:47,1,24.73,3,7419
2015-12-16,000605,13:37:41,2,24.74,5,12370
2015-12-16,000605,13:37:35,2,24.74,1,2474
2015-12-16,000605,13:37:23,2,24.74,7,17318
2015-12-16,000605,13:37:20,1,24.73,50,123650
2015-12-16,000605,13:37:05,1,24.73,50,123650
2015-12-16,000605,13:37:02,2,24.74,6,14843
2015-12-16,000605,13:36:32,2,24.74,6,14843
2015-12-16,000605,13:36:20,1,24.74,87,215238
2015-12-16,000605,13:36:02,1,24.74,5,12370
2015-12-16,000605,13:35:59,2,24.74,2,4948
2015-12-16,000605,13:35:35,2,24.74,11,27214
2015-12-16,000605,13:35:20,2,24.74,10,24740
2015-12-16,000605,13:35:17,1,24.74,28,69272
2015-12-16,000605,13:34:50,2,24.75,5,12375
2015-12-16,000605,13:34:38,2,24.75,4,9900
2015-12-16,000605,13:34:29,2,24.75,10,24750
2015-12-16,000605,13:34:23,1,24.75,5,12375
2015-12-16,000605,13:34:17,1,24.75,50,123750
2015-12-16,000605,13:33:56,2,24.75,1,2475
2015-12-16,000605,13:33:41,1,24.74,9,22266
2015-12-16,000605,13:33:26,2,24.75,3,7425
2015-12-16,000605,13:33:17,1,24.75,2,4950
2015-12-16,000605,13:33:11,2,24.75,1,2475
2015-12-16,000605,13:32:56,2,24.75,2,4950
2015-12-16,000605,13:32:47,0,24.75,5,12375
2015-12-16,000605,13:32:17,1,24.74,67,165758
2015-12-16,000605,13:32:14,2,24.75,2,4950
2015-12-16,000605,13:32:11,2,24.75,14,34650
2015-12-16,000605,13:32:02,2,24.75,40,99000
2015-12-16,000605,13:31:56,2,24.75,1,2475
2015-12-16,000605,13:31:53,1,24.74,6,14843
2015-12-16,000605,13:31:44,2,24.75,3,7425
2015-12-16,000605,13:31:29,1,24.75,23,56925
2015-12-16,000605,13:31:17,1,24.75,50,123750
2015-12-16,000605,13:31:05,1,24.75,31,76725
2015-12-16,000605,13:31:02,2,24.75,1,2475
2015-12-16,000605,13:30:59,2,24.75,7,17325
2015-12-16,000605,13:30:44,2,24.75,20,49500
2015-12-16,000605,13:30:20,1,24.75,23,56925
2015-12-16,000605,13:29:53,1,24.75,5,12375
2015-12-16,000605,13:29:35,1,24.75,2,4950
2015-12-16,000605,13:29:32,2,24.76,50,123800
2015-12-16,000605,13:29:14,1,24.76,4,9904
2015-12-16,000605,13:28:56,2,24.76,3,7428
2015-12-16,000605,13:28:44,1,24.75,20,49500
2015-12-16,000605,13:28:35,2,24.76,4,9904
2015-12-16,000605,13:28:20,1,24.76,25,61900
2015-12-16,000605,13:28:11,2,24.76,5,12380
2015-12-16,000605,13:28:05,1,24.76,10,24760
2015-12-16,000605,13:27:29,2,24.76,7,17332
2015-12-16,000605,13:27:26,2,24.76,4,9904
2015-12-16,000605,13:27:23,2,24.76,53,131228
2015-12-16,000605,13:27:17,2,24.76,16,39616
2015-12-16,000605,13:26:35,2,24.76,8,19808
2015-12-16,000605,13:26:26,2,24.76,3,7428
2015-12-16,000605,13:26:17,1,24.76,34,84184
2015-12-16,000605,13:26:14,1,24.76,40,99040
2015-12-16,000605,13:25:29,2,24.76,1,2476
2015-12-16,000605,13:25:25,2,24.76,8,19808
2015-12-16,000605,13:25:22,2,24.76,10,24760
2015-12-16,000605,13:25:16,2,24.76,31,76756
2015-12-16,000605,13:24:46,2,24.76,10,24760
2015-12-16,000605,13:24:16,1,24.76,30,74280
2015-12-16,000605,13:23:46,2,24.76,2,4952
2015-12-16,000605,13:23:40,2,24.76,10,24760
2015-12-16,000605,13:23:28,2,24.76,6,14856
2015-12-16,000605,13:23:19,2,24.76,32,79232
2015-12-16,000605,13:22:46,2,24.76,2,4952
2015-12-16,000605,13:22:43,2,24.76,10,24760
2015-12-16,000605,13:22:19,1,24.76,11,27236
2015-12-16,000605,13:22:10,2,24.76,27,66852
2015-12-16,000605,13:21:55,2,24.76,5,12380
2015-12-16,000605,13:21:28,2,24.76,7,17332
2015-12-16,000605,13:21:25,2,24.76,30,74280
2015-12-16,000605,13:21:19,1,24.75,50,123750
2015-12-16,000605,13:21:13,1,24.75,10,24750
2015-12-16,000605,13:20:37,1,24.76,21,51996
2015-12-16,000605,13:20:19,2,24.76,79,195604
2015-12-16,000605,13:20:01,1,24.75,4,9900
2015-12-16,000605,13:19:55,1,24.76,1,2476
2015-12-16,000605,13:19:46,1,24.76,21,51996
2015-12-16,000605,13:19:34,2,24.77,4,9908
2015-12-16,000605,13:19:31,1,24.76,1,2476
2015-12-16,000605,13:19:19,1,24.77,16,39632
2015-12-16,000605,13:19:01,1,24.77,20,49540
2015-12-16,000605,13:18:52,2,24.78,1,2478
2015-12-16,000605,13:18:16,1,24.78,42,104076
2015-12-16,000605,13:18:10,1,24.78,13,32214
2015-12-16,000605,13:18:01,2,24.79,21,52059
2015-12-16,000605,13:17:43,2,24.79,3,7437
2015-12-16,000605,13:17:34,2,24.79,2,4958
2015-12-16,000605,13:17:31,1,24.78,10,24780
2015-12-16,000605,13:17:16,1,24.79,30,74370
2015-12-16,000605,13:17:10,1,24.78,29,71862
2015-12-16,000605,13:17:07,2,24.79,1,2479
2015-12-16,000605,13:16:40,1,24.78,5,12390
2015-12-16,000605,13:15:49,1,24.78,1,2478
2015-12-16,000605,13:15:43,1,24.78,3,7434
2015-12-16,000605,13:15:34,1,24.79,50,123950
2015-12-16,000605,13:14:13,1,24.79,13,32227
2015-12-16,000605,13:13:31,1,24.8,38,94240
2015-12-16,000605,13:12:25,1,24.8,9,22320
2015-12-16,000605,13:12:01,2,24.81,2,4962
2015-12-16,000605,13:11:40,1,24.81,3,7443
2015-12-16,000605,13:11:16,2,24.81,1,2481
2015-12-16,000605,13:10:58,1,24.8,3,7440
2015-12-16,000605,13:10:31,1,24.81,47,116607
2015-12-16,000605,13:10:16,1,24.81,3,7443
2015-12-16,000605,13:09:40,1,24.81,1,2481
2015-12-16,000605,13:09:28,2,24.81,1,2481
2015-12-16,000605,13:09:07,0,24.81,8,19848
2015-12-16,000605,13:09:01,1,24.81,5,12405
2015-12-16,000605,13:08:52,2,24.85,1,2485
2015-12-16,000605,13:08:46,2,24.85,5,12425
2015-12-16,000605,13:08:04,0,24.85,5,12425
2015-12-16,000605,13:06:52,1,24.81,5,12405
2015-12-16,000605,13:06:22,2,24.86,1,2486
2015-12-16,000605,13:06:10,2,24.86,1,2486
2015-12-16,000605,13:05:43,0,24.81,5,12405
2015-12-16,000605,13:03:48,0,24.8,3,7440
2015-12-16,000605,13:03:30,1,24.79,30,74370
2015-12-16,000605,13:02:57,2,24.87,31,77097
2015-12-16,000605,13:02:12,1,24.86,7,17402
2015-12-16,000605,13:01:57,0,24.86,32,79552
2015-12-16,000605,13:00:06,2,24.78,9,22302
2015-12-16,000605,13:00:03,2,24.78,1,2478
2015-12-16,000605,11:29:53,2,24.78,20,49560
2015-12-16,000605,11:28:53,1,24.74,20,49480
2015-12-16,000605,11:28:47,2,24.74,20,49480
2015-12-16,000605,11:28:35,1,24.73,1,2473
2015-12-16,000605,11:28:11,2,24.73,115,284395
2015-12-16,000605,11:28:05,2,24.73,3,7419
2015-12-16,000605,11:27:56,2,24.73,3,7419
2015-12-16,000605,11:27:47,2,24.73,1,2473
2015-12-16,000605,11:27:41,1,24.73,72,178056
2015-12-16,000605,11:27:29,2,24.76,2,4952
2015-12-16,000605,11:27:26,1,24.74,1,2474
2015-12-16,000605,11:27:11,2,24.76,1,2476
2015-12-16,000605,11:27:05,1,24.76,11,27236
2015-12-16,000605,11:26:50,2,24.77,7,17339
2015-12-16,000605,11:26:17,1,24.77,31,76787
2015-12-16,000605,11:26:11,2,24.78,4,9912
2015-12-16,000605,11:25:53,1,24.78,12,29736
2015-12-16,000605,11:25:38,1,24.79,15,37185
2015-12-16,000605,11:25:05,1,24.8,47,116560
2015-12-16,000605,11:24:22,1,24.8,3,7440
2015-12-16,000605,11:23:10,1,24.8,10,24800
2015-12-16,000605,11:22:55,0,24.8,2,4960
2015-12-16,000605,11:22:22,2,24.79,5,12395
2015-12-16,000605,11:22:16,1,24.78,19,47082
2015-12-16,000605,11:22:04,2,24.79,17,42143
2015-12-16,000605,11:22:01,1,24.79,29,71891
2015-12-16,000605,11:21:52,1,24.79,15,37185
2015-12-16,000605,11:21:40,1,24.89,26,64714
2015-12-16,000605,11:21:34,1,24.89,5,12445
2015-12-16,000605,11:21:16,1,24.89,4,9956
2015-12-16,000605,11:21:13,1,24.89,5,12445
2015-12-16,000605,11:21:10,2,24.89,35,87115
2015-12-16,000605,11:20:13,2,24.88,12,29856
2015-12-16,000605,11:19:49,2,24.8,101,250480
2015-12-16,000605,11:19:25,1,24.79,5,12395
2015-12-16,000605,11:19:10,2,24.8,68,168640
2015-12-16,000605,11:18:55,1,24.79,13,32227
2015-12-16,000605,11:18:25,2,24.79,5,12395
2015-12-16,000605,11:18:22,1,24.77,22,54494
2015-12-16,000605,11:17:52,2,24.79,4,9916
2015-12-16,000605,11:16:34,1,24.77,3,7431
2015-12-16,000605,11:16:07,1,24.77,19,47063
2015-12-16,000605,11:15:55,1,24.78,13,32214
2015-12-16,000605,11:15:46,2,24.79,10,24790
2015-12-16,000605,11:15:43,1,24.79,8,19832
2015-12-16,000605,11:14:55,2,24.79,8,19832
2015-12-16,000605,11:14:01,1,24.79,1,2479
2015-12-16,000605,11:12:43,1,24.79,2,4958
2015-12-16,000605,11:12:40,0,24.8,10,24800
2015-12-16,000605,11:10:58,0,24.8,2,4960
2015-12-16,000605,11:10:25,2,24.8,10,24800
2015-12-16,000605,11:09:52,2,24.8,30,74400
2015-12-16,000605,11:09:34,1,24.8,40,99200
2015-12-16,000605,11:09:16,1,24.8,5,12400
2015-12-16,000605,11:09:10,2,24.8,120,297600
2015-12-16,000605,11:09:07,2,24.77,15,37155
2015-12-16,000605,11:08:31,1,24.76,4,9904
2015-12-16,000605,11:08:19,2,24.77,1,2477
2015-12-16,000605,11:07:43,2,24.77,1,2477
2015-12-16,000605,11:07:25,1,24.76,7,17332
2015-12-16,000605,11:07:16,2,24.77,4,9908
2015-12-16,000605,11:07:04,2,24.77,10,24770
2015-12-16,000605,11:07:01,2,24.77,7,17339
2015-12-16,000605,11:06:52,1,24.76,4,9904
2015-12-16,000605,11:06:25,2,24.77,8,19816
2015-12-16,000605,11:05:52,2,24.77,2,4954
2015-12-16,000605,11:05:46,2,24.77,1,2477
2015-12-16,000605,11:05:22,2,24.77,25,61925
2015-12-16,000605,11:05:16,2,24.77,6,14862
2015-12-16,000605,11:05:04,2,24.77,7,17339
2015-12-16,000605,11:05:01,2,24.77,8,19816
2015-12-16,000605,11:04:55,2,24.77,2,4954
2015-12-16,000605,11:04:52,2,24.77,15,37155
2015-12-16,000605,11:04:33,2,24.77,5,12385
2015-12-16,000605,11:04:09,2,24.77,9,22293
2015-12-16,000605,11:03:57,1,24.75,5,12375
2015-12-16,000605,11:03:33,2,24.76,3,7428
2015-12-16,000605,11:03:30,2,24.76,2,4952
2015-12-16,000605,11:03:27,2,24.76,20,49520
2015-12-16,000605,11:03:21,2,24.76,10,24760
2015-12-16,000605,11:03:18,2,24.76,13,32188
2015-12-16,000605,11:03:15,2,24.76,7,17332
2015-12-16,000605,11:03:12,2,24.76,20,49520
2015-12-16,000605,11:02:54,2,24.76,100,247600
2015-12-16,000605,11:02:45,2,24.76,18,44568
2015-12-16,000605,11:02:21,2,24.76,5,12380
2015-12-16,000605,11:02:15,2,24.76,70,173320
2015-12-16,000605,11:02:09,2,24.76,8,19808
2015-12-16,000605,11:01:54,1,24.74,3,7421
2015-12-16,000605,11:01:45,1,24.74,2,4948
2015-12-16,000605,11:01:39,1,24.74,1,2474
2015-12-16,000605,11:01:03,1,24.74,2,4948
2015-12-16,000605,11:00:54,2,24.76,20,49520
2015-12-16,000605,11:00:48,1,24.74,6,14843
2015-12-16,000605,11:00:45,2,24.76,3,7428
2015-12-16,000605,11:00:39,2,24.76,1,2476
2015-12-16,000605,11:00:36,2,24.76,20,49520
2015-12-16,000605,11:00:03,2,24.76,3,7428
2015-12-16,000605,10:59:57,2,24.76,10,24760
2015-12-16,000605,10:59:54,1,24.75,10,24750
2015-12-16,000605,10:59:42,1,24.76,9,22284
2015-12-16,000605,10:59:36,2,24.77,1,2477
2015-12-16,000605,10:59:33,2,24.77,20,49540
2015-12-16,000605,10:59:21,1,24.76,8,19808
2015-12-16,000605,10:59:15,2,24.77,2,4954
2015-12-16,000605,10:59:00,2,24.77,7,17339
2015-12-16,000605,10:58:48,2,24.77,4,9908
2015-12-16,000605,10:58:33,1,24.76,6,14856
2015-12-16,000605,10:58:24,2,24.77,3,7431
2015-12-16,000605,10:58:18,2,24.77,8,19816
2015-12-16,000605,10:58:15,2,24.77,1,2477
2015-12-16,000605,10:58:00,1,24.77,32,79264
2015-12-16,000605,10:57:36,0,24.78,10,24780
2015-12-16,000605,10:56:54,1,24.76,6,14856
2015-12-16,000605,10:56:48,2,24.76,25,61900
2015-12-16,000605,10:56:45,2,24.76,2,4952
2015-12-16,000605,10:56:39,2,24.76,6,14856
2015-12-16,000605,10:56:33,1,24.76,87,215412
2015-12-16,000605,10:56:30,2,24.89,3,7467
2015-12-16,000605,10:56:21,1,24.77,30,74310
2015-12-16,000605,10:56:06,1,24.77,40,99080
2015-12-16,000605,10:56:03,2,24.81,1,2481
2015-12-16,000605,10:55:15,1,24.81,13,32253
2015-12-16,000605,10:55:06,2,24.88,1,2488
2015-12-16,000605,10:54:54,1,24.88,5,12440
2015-12-16,000605,10:54:39,1,24.88,2,4976
2015-12-16,000605,10:54:33,1,24.88,10,24880
2015-12-16,000605,10:54:21,2,24.88,23,57224
2015-12-16,000605,10:54:18,2,24.85,3,7455
2015-12-16,000605,10:54:03,1,24.85,2,4970
2015-12-16,000605,10:53:51,0,24.88,4,9952
2015-12-16,000605,10:52:51,1,24.89,2,4978
2015-12-16,000605,10:52:45,1,24.89,1,2489
2015-12-16,000605,10:52:39,2,24.89,4,9956
2015-12-16,000605,10:52:33,2,24.78,6,14868
2015-12-16,000605,10:52:30,2,24.78,4,9912
2015-12-16,000605,10:52:24,1,24.76,1,2476
2015-12-16,000605,10:52:12,1,24.76,2,4952
2015-12-16,000605,10:52:06,1,24.76,4,9904
2015-12-16,000605,10:52:03,2,24.78,10,24780
2015-12-16,000605,10:51:57,1,24.76,27,66852
2015-12-16,000605,10:51:48,1,24.77,184,455768
2015-12-16,000605,10:51:39,2,24.88,4,9952
2015-12-16,000605,10:51:36,1,24.8,20,49600
2015-12-16,000605,10:51:09,1,24.8,1,2480
2015-12-16,000605,10:51:00,1,24.82,3,7446
2015-12-16,000605,10:50:54,1,24.82,10,24820
2015-12-16,000605,10:50:45,2,24.85,11,27335
2015-12-16,000605,10:50:36,2,24.85,3,7455
2015-12-16,000605,10:50:21,1,24.82,1,2482
2015-12-16,000605,10:50:12,0,24.82,3,7446
2015-12-16,000605,10:50:06,2,24.85,13,32305
2015-12-16,000605,10:50:00,0,24.88,1,2488
2015-12-16,000605,10:49:51,1,24.81,20,49620
2015-12-16,000605,10:49:48,0,24.85,1,2485
2015-12-16,000605,10:49:15,1,24.8,2,4960
2015-12-16,000605,10:49:09,2,24.9,14,34860
2015-12-16,000605,10:49:03,1,24.81,10,24810
2015-12-16,000605,10:48:33,0,24.81,3,7443
2015-12-16,000605,10:48:12,1,24.81,18,44658
2015-12-16,000605,10:48:06,2,24.89,3,7467
2015-12-16,000605,10:47:12,1,24.8,2,4960
2015-12-16,000605,10:47:03,1,24.8,10,24800
2015-12-16,000605,10:46:54,1,24.8,1,2480
2015-12-16,000605,10:46:48,2,24.8,2,4960
2015-12-16,000605,10:46:42,1,24.78,2,4956
2015-12-16,000605,10:46:15,1,24.78,2,4956
2015-12-16,000605,10:46:06,0,24.76,12,29712
2015-12-16,000605,10:45:51,1,24.75,4,9900
2015-12-16,000605,10:45:42,1,24.75,1,2475
2015-12-16,000605,10:45:39,2,24.75,26,64350
2015-12-16,000605,10:45:30,1,24.73,5,12365
2015-12-16,000605,10:45:27,1,24.73,6,14838
2015-12-16,000605,10:45:21,1,24.73,2,4946
2015-12-16,000605,10:45:18,2,24.73,3,7419
2015-12-16,000605,10:45:12,1,24.71,12,29652
2015-12-16,000605,10:45:06,2,24.73,3,7419
2015-12-16,000605,10:45:00,2,24.71,60,148260
2015-12-16,000605,10:44:56,1,24.71,19,46949
2015-12-16,000605,10:44:44,1,24.72,3,7416
2015-12-16,000605,10:44:38,2,24.8,7,17360
2015-12-16,000605,10:44:35,2,24.8,10,24800
2015-12-16,000605,10:44:29,2,24.8,17,42160
2015-12-16,000605,10:44:20,1,24.8,78,193440
2015-12-16,000605,10:44:17,1,24.89,1,2489
2015-12-16,000605,10:44:08,1,24.89,1,2489
2015-12-16,000605,10:44:02,2,24.89,6,14934
2015-12-16,000605,10:43:56,1,24.81,5,12405
2015-12-16,000605,10:43:50,0,24.82,1,2482
2015-12-16,000605,10:43:41,1,24.81,5,12405
2015-12-16,000605,10:43:26,1,24.81,1,2481
2015-12-16,000605,10:43:20,2,24.85,5,12425
2015-12-16,000605,10:43:17,1,24.81,1,2481
2015-12-16,000605,10:43:11,1,24.85,5,12425
2015-12-16,000605,10:42:56,0,24.85,5,12425
2015-12-16,000605,10:42:20,1,24.81,1,2481
2015-12-16,000605,10:42:08,1,24.81,8,19848
2015-12-16,000605,10:42:05,0,24.83,1,2483
2015-12-16,000605,10:41:56,1,24.81,7,17367
2015-12-16,000605,10:41:35,1,24.81,1,2481
2015-12-16,000605,10:41:26,2,24.81,3,7443
2015-12-16,000605,10:41:20,1,24.8,3,7440
2015-12-16,000605,10:41:17,2,24.81,2,4962
2015-12-16,000605,10:41:08,2,24.81,5,12405
2015-12-16,000605,10:41:02,1,24.81,12,29772
2015-12-16,000605,10:40:38,1,24.81,1,2481
2015-12-16,000605,10:40:29,0,24.82,5,12410
2015-12-16,000605,10:39:23,1,24.81,2,4962
2015-12-16,000605,10:38:44,1,24.81,1,2481
2015-12-16,000605,10:38:38,1,24.81,1,2481
2015-12-16,000605,10:38:32,1,24.81,5,12405
2015-12-16,000605,10:38:29,1,24.84,6,14904
2015-12-16,000605,10:38:17,1,24.86,58,144188
2015-12-16,000605,10:38:08,1,24.88,1,2488
2015-12-16,000605,10:37:56,2,24.88,4,9952
2015-12-16,000605,10:37:53,1,24.86,2,4972
2015-12-16,000605,10:37:41,1,24.86,1,2486
2015-12-16,000605,10:37:38,1,24.86,13,32318
2015-12-16,000605,10:37:32,1,24.86,1,2486
2015-12-16,000605,10:37:29,2,24.88,3,7464
2015-12-16,000605,10:37:26,1,24.86,3,7458
2015-12-16,000605,10:37:23,2,24.88,5,12440
2015-12-16,000605,10:37:17,1,24.87,20,49740
2015-12-16,000605,10:37:08,1,24.88,71,176648
2015-12-16,000605,10:36:59,2,24.92,1,2492
2015-12-16,000605,10:36:41,1,24.89,3,7467
2015-12-16,000605,10:36:29,1,24.89,19,47291
2015-12-16,000605,10:36:08,1,24.89,2,4978
2015-12-16,000605,10:35:59,2,24.92,14,34888
2015-12-16,000605,10:35:44,1,24.89,1,2489
2015-12-16,000605,10:35:29,1,24.89,1,2489
2015-12-16,000605,10:35:20,2,24.89,9,22401
2015-12-16,000605,10:34:35,1,24.89,10,24890
2015-12-16,000605,10:32:41,2,24.93,5,12465
2015-12-16,000605,10:32:08,1,24.89,3,7467
2015-12-16,000605,10:31:47,1,24.88,3,7464
2015-12-16,000605,10:31:20,1,24.88,10,24880
2015-12-16,000605,10:31:14,2,24.93,7,17451
2015-12-16,000605,10:30:59,1,24.93,19,47367
2015-12-16,000605,10:30:47,1,24.93,5,12465
2015-12-16,000605,10:30:44,2,24.94,4,9976
2015-12-16,000605,10:30:23,2,24.93,49,122157
2015-12-16,000605,10:30:17,1,24.88,41,102008
2015-12-16,000605,10:28:50,0,24.92,4,9968
2015-12-16,000605,10:28:32,2,24.93,15,37395
2015-12-16,000605,10:27:59,1,24.91,10,24910
2015-12-16,000605,10:27:56,1,24.91,1,2491
2015-12-16,000605,10:27:47,2,24.92,2,4984
2015-12-16,000605,10:27:38,1,24.91,5,12455
2015-12-16,000605,10:26:35,1,24.91,5,12455
2015-12-16,000605,10:25:53,2,24.93,7,17451
2015-12-16,000605,10:25:38,2,24.9,17,42330
2015-12-16,000605,10:24:43,1,24.9,55,136950
2015-12-16,000605,10:24:37,2,24.93,4,9972
2015-12-16,000605,10:24:19,1,24.93,16,39888
2015-12-16,000605,10:24:01,1,24.95,10,24950
2015-12-16,000605,10:23:49,1,24.95,4,9980
2015-12-16,000605,10:23:40,1,24.95,5,12475
2015-12-16,000605,10:23:28,1,24.95,1,2495
2015-12-16,000605,10:23:22,1,24.95,13,32435
2015-12-16,000605,10:22:01,1,24.95,12,29940
2015-12-16,000605,10:21:43,2,24.97,7,17479
2015-12-16,000605,10:21:31,1,24.95,4,9980
2015-12-16,000605,10:21:07,1,24.95,7,17465
2015-12-16,000605,10:21:01,2,24.94,78,194532
2015-12-16,000605,10:20:55,2,24.94,7,17458
2015-12-16,000605,10:20:37,2,24.94,16,39904
2015-12-16,000605,10:20:34,1,24.94,1,2494
2015-12-16,000605,10:20:25,2,24.94,2,4988
2015-12-16,000605,10:20:16,1,24.93,2,4986
2015-12-16,000605,10:20:10,2,24.93,2,4986
2015-12-16,000605,10:19:49,2,24.9,30,74700
2015-12-16,000605,10:19:25,2,24.88,4,9952
2015-12-16,000605,10:19:13,1,24.88,1,2488
2015-12-16,000605,10:19:10,1,24.88,10,24880
2015-12-16,000605,10:18:49,0,24.88,2,4976
2015-12-16,000605,10:18:43,2,24.88,12,29856
2015-12-16,000605,10:18:31,1,24.88,1,2488
2015-12-16,000605,10:18:13,1,24.88,2,4976
2015-12-16,000605,10:18:04,2,24.9,10,24900
2015-12-16,000605,10:17:49,2,24.9,41,102090
2015-12-16,000605,10:17:25,2,24.9,16,39840
2015-12-16,000605,10:17:16,2,24.88,2,4976
2015-12-16,000605,10:17:13,2,24.88,5,12440
2015-12-16,000605,10:17:10,2,24.88,3,7464
2015-12-16,000605,10:16:58,1,24.88,2,4976
2015-12-16,000605,10:16:52,1,24.88,3,7464
2015-12-16,000605,10:16:34,2,24.9,18,44820
2015-12-16,000605,10:15:43,1,24.87,10,24870
2015-12-16,000605,10:15:28,1,24.87,6,14922
2015-12-16,000605,10:15:04,1,24.87,15,37305
2015-12-16,000605,10:14:46,2,24.88,2,4976
2015-12-16,000605,10:14:31,1,24.87,28,69636
2015-12-16,000605,10:14:01,1,24.86,10,24860
2015-12-16,000605,10:13:55,1,24.86,20,49720
2015-12-16,000605,10:13:49,2,24.87,1,2487
2015-12-16,000605,10:13:46,1,24.86,40,99440
2015-12-16,000605,10:13:37,0,24.87,29,72123
2015-12-16,000605,10:13:31,2,24.88,2,4976
2015-12-16,000605,10:13:28,2,24.88,10,24880
2015-12-16,000605,10:13:16,2,24.88,5,12440
2015-12-16,000605,10:12:37,2,24.88,2,4976
2015-12-16,000605,10:12:31,1,24.88,8,19904
2015-12-16,000605,10:12:16,1,24.88,4,9952
2015-12-16,000605,10:11:49,2,24.92,33,82236
2015-12-16,000605,10:11:43,1,24.88,5,12440
2015-12-16,000605,10:11:34,1,24.88,2,4976
2015-12-16,000605,10:11:10,0,24.91,10,24910
2015-12-16,000605,10:10:52,2,24.92,1,2492
2015-12-16,000605,10:10:43,2,24.92,2,4984
2015-12-16,000605,10:10:34,1,24.92,9,22428
2015-12-16,000605,10:10:25,1,24.92,2,4984
2015-12-16,000605,10:10:22,2,24.92,22,54824
2015-12-16,000605,10:10:19,2,24.9,2,4980
2015-12-16,000605,10:10:13,1,24.9,6,14940
2015-12-16,000605,10:10:10,1,24.9,22,54780
2015-12-16,000605,10:09:58,1,24.9,5,12450
2015-12-16,000605,10:09:28,1,24.9,28,69720
2015-12-16,000605,10:09:07,1,24.9,14,34860
2015-12-16,000605,10:09:01,1,24.9,1,2490
2015-12-16,000605,10:08:52,1,24.9,22,54780
2015-12-16,000605,10:08:46,2,24.9,2,4980
2015-12-16,000605,10:08:37,2,24.9,10,24900
2015-12-16,000605,10:08:31,2,24.9,2,4980
2015-12-16,000605,10:08:19,2,24.9,86,214140
2015-12-16,000605,10:08:13,2,24.9,10,24900
2015-12-16,000605,10:08:07,1,24.87,11,27357
2015-12-16,000605,10:08:04,2,24.9,5,12450
2015-12-16,000605,10:07:46,2,24.9,6,14940
2015-12-16,000605,10:07:43,1,24.86,1,2486
2015-12-16,000605,10:07:16,2,24.86,5,12430
2015-12-16,000605,10:07:07,2,24.86,1,2486
2015-12-16,000605,10:07:04,0,24.85,3,7455
2015-12-16,000605,10:06:46,2,24.86,13,32318
2015-12-16,000605,10:06:40,2,24.86,14,34804
2015-12-16,000605,10:06:34,2,24.86,4,9944
2015-12-16,000605,10:05:52,1,24.86,1,2486
2015-12-16,000605,10:05:16,2,24.9,4,9960
2015-12-16,000605,10:05:10,1,24.9,15,37350
2015-12-16,000605,10:05:01,1,24.9,7,17430
2015-12-16,000605,10:04:58,1,24.9,2,4980
2015-12-16,000605,10:04:43,0,24.92,10,24920
2015-12-16,000605,10:04:30,1,24.9,10,24900
2015-12-16,000605,10:04:24,2,24.92,4,9968
2015-12-16,000605,10:04:09,1,24.92,4,9968
2015-12-16,000605,10:04:00,1,24.92,20,49840
2015-12-16,000605,10:03:51,2,24.93,10,24930
2015-12-16,000605,10:03:39,1,24.92,5,12460
2015-12-16,000605,10:03:12,2,24.91,6,14946
2015-12-16,000605,10:03:09,1,24.91,4,9964
2015-12-16,000605,10:03:03,1,24.91,3,7473
2015-12-16,000605,10:03:00,2,24.93,50,124650
2015-12-16,000605,10:02:57,1,24.91,1,2491
2015-12-16,000605,10:02:42,1,24.92,7,17444
2015-12-16,000605,10:02:30,1,24.92,1,2492
2015-12-16,000605,10:01:48,1,24.94,3,7482
2015-12-16,000605,10:01:33,2,24.95,6,14970
2015-12-16,000605,10:01:30,1,24.95,7,17465
2015-12-16,000605,10:01:09,1,24.95,4,9980
2015-12-16,000605,10:00:57,1,24.95,15,37425
2015-12-16,000605,10:00:54,2,24.98,20,49960
2015-12-16,000605,10:00:48,1,24.95,10,24950
2015-12-16,000605,10:00:39,1,24.96,5,12480
2015-12-16,000605,10:00:18,1,24.98,15,37470
2015-12-16,000605,10:00:03,1,24.98,4,9992
2015-12-16,000605,09:59:54,1,24.99,10,24990
2015-12-16,000605,09:59:48,2,25.0,2,5000
2015-12-16,000605,09:59:24,1,25.0,1,2500
2015-12-16,000605,09:59:18,1,25.0,8,20000
2015-12-16,000605,09:58:51,1,25.0,50,125000
2015-12-16,000605,09:58:45,2,25.02,22,55044
2015-12-16,000605,09:58:27,1,25.02,41,102582
2015-12-16,000605,09:58:15,1,25.02,102,255204
2015-12-16,000605,09:58:12,2,25.02,26,65052
2015-12-16,000605,09:58:09,0,25.0,1,2500
2015-12-16,000605,09:57:45,1,25.0,17,42500
2015-12-16,000605,09:57:27,1,25.0,50,125000
2015-12-16,000605,09:57:18,2,25.04,8,20032
2015-12-16,000605,09:57:15,1,25.0,66,165000
2015-12-16,000605,09:57:09,2,25.06,13,32578
2015-12-16,000605,09:57:00,1,25.0,27,67500
2015-12-16,000605,09:56:51,2,25.02,13,32526
2015-12-16,000605,09:56:42,2,25.0,6,15000
2015-12-16,000605,09:56:33,2,25.0,13,32500
2015-12-16,000605,09:56:27,1,25.0,44,110000
2015-12-16,000605,09:56:15,0,25.02,2,5004
2015-12-16,000605,09:56:03,1,25.0,50,125000
2015-12-16,000605,09:56:00,2,25.06,10,25060
2015-12-16,000605,09:55:45,2,25.06,4,10024
2015-12-16,000605,09:55:36,1,25.0,20,50000
2015-12-16,000605,09:55:30,2,25.06,5,12530
2015-12-16,000605,09:55:27,1,25.0,50,125000
2015-12-16,000605,09:55:21,2,25.0,2,5000
2015-12-16,000605,09:54:57,2,25.0,9,22500
2015-12-16,000605,09:54:54,2,25.0,5,12500
2015-12-16,000605,09:54:39,1,24.98,11,27478
2015-12-16,000605,09:54:36,2,25.0,1,2500
2015-12-16,000605,09:54:27,1,25.0,3,7500
2015-12-16,000605,09:54:18,1,25.06,7,17542
2015-12-16,000605,09:53:57,2,25.1,1,2510
2015-12-16,000605,09:53:54,1,25.06,11,27566
2015-12-16,000605,09:53:45,2,25.1,20,50200
2015-12-16,000605,09:53:36,1,25.06,3,7518
2015-12-16,000605,09:53:33,1,25.06,5,12530
2015-12-16,000605,09:53:27,1,25.1,9,22590
2015-12-16,000605,09:53:24,1,25.1,1,2510
2015-12-16,000605,09:53:21,2,25.15,16,40240
2015-12-16,000605,09:53:00,1,25.15,28,70420
2015-12-16,000605,09:52:57,2,25.16,4,10064
2015-12-16,000605,09:52:54,1,25.15,15,37725
2015-12-16,000605,09:52:51,0,25.15,34,85510
2015-12-16,000605,09:52:45,2,25.16,23,57868
2015-12-16,000605,09:52:39,1,25.15,5,12575
2015-12-16,000605,09:52:33,1,25.16,46,115736
2015-12-16,000605,09:52:27,1,25.16,20,50320
2015-12-16,000605,09:52:21,2,25.16,26,65416
2015-12-16,000605,09:52:15,2,25.16,3,7548
2015-12-16,000605,09:52:12,2,25.16,5,12580
2015-12-16,000605,09:51:57,2,25.16,9,22644
2015-12-16,000605,09:51:54,2,25.1,10,25100
2015-12-16,000605,09:51:48,2,25.06,25,62650
2015-12-16,000605,09:51:42,1,24.98,7,17486
2015-12-16,000605,09:51:36,2,25.0,42,105000
2015-12-16,000605,09:51:30,2,24.99,8,19992
2015-12-16,000605,09:51:24,2,24.99,7,17493
2015-12-16,000605,09:51:15,1,24.98,10,24980
2015-12-16,000605,09:51:09,2,24.98,26,64948
2015-12-16,000605,09:51:06,1,24.95,1,2495
2015-12-16,000605,09:51:00,2,24.95,18,44910
2015-12-16,000605,09:50:48,2,24.95,16,39920
2015-12-16,000605,09:50:39,2,24.95,5,12475
2015-12-16,000605,09:50:36,2,24.95,11,27445
2015-12-16,000605,09:50:30,1,24.9,1,2490
2015-12-16,000605,09:50:03,2,24.95,7,17465
2015-12-16,000605,09:49:39,2,24.9,42,104580
2015-12-16,000605,09:49:24,1,24.9,19,47310
2015-12-16,000605,09:48:45,1,24.89,8,19912
2015-12-16,000605,09:48:39,2,24.92,2,4984
2015-12-16,000605,09:48:36,2,24.92,40,99680
2015-12-16,000605,09:48:24,1,24.89,21,52269
2015-12-16,000605,09:48:15,1,24.89,0,398
2015-12-16,000605,09:48:12,2,24.91,12,29892
2015-12-16,000605,09:48:00,2,24.9,1,2490
2015-12-16,000605,09:47:54,1,24.89,5,12445
2015-12-16,000605,09:47:51,2,24.9,22,54780
2015-12-16,000605,09:47:48,1,24.89,12,29868
2015-12-16,000605,09:47:42,1,24.89,1,2489
2015-12-16,000605,09:47:36,2,24.89,26,65087
2015-12-16,000605,09:47:30,1,24.88,12,29856
2015-12-16,000605,09:47:09,2,24.88,8,19904
2015-12-16,000605,09:47:06,1,24.85,2,4970
2015-12-16,000605,09:46:45,1,24.85,15,37275
2015-12-16,000605,09:46:36,1,24.85,4,9940
2015-12-16,000605,09:46:21,2,24.89,22,54758
2015-12-16,000605,09:45:54,2,24.89,8,19912
2015-12-16,000605,09:45:39,1,24.82,1,2482
2015-12-16,000605,09:45:30,2,24.85,5,12425
2015-12-16,000605,09:45:21,2,24.85,8,19880
2015-12-16,000605,09:45:18,1,24.85,5,12425
2015-12-16,000605,09:45:15,2,24.89,9,22401
2015-12-16,000605,09:44:47,2,24.88,8,19904
2015-12-16,000605,09:44:26,1,24.88,0,2114
2015-12-16,000605,09:44:20,2,24.88,0,373
2015-12-16,000605,09:44:14,1,24.82,1,2482
2015-12-16,000605,09:44:08,1,24.88,2,7090
2015-12-16,000605,09:44:05,2,24.88,7,17789
2015-12-16,000605,09:43:59,2,24.88,20,49760
2015-12-16,000605,09:43:44,2,24.88,30,74640
2015-12-16,000605,09:43:35,2,24.88,30,74640
2015-12-16,000605,09:43:32,2,24.83,1,2483
2015-12-16,000605,09:43:17,0,24.81,40,99240
2015-12-16,000605,09:42:41,1,24.8,2,4960
2015-12-16,000605,09:42:38,1,24.8,6,14880
2015-12-16,000605,09:42:17,2,24.83,1,2483
2015-12-16,000605,09:42:14,1,24.8,9,22320
2015-12-16,000605,09:42:11,1,24.8,5,12400
2015-12-16,000605,09:42:02,2,24.83,30,74490
2015-12-16,000605,09:41:59,2,24.83,43,106768
2015-12-16,000605,09:41:41,1,24.8,4,9920
2015-12-16,000605,09:41:38,2,24.83,10,24830
2015-12-16,000605,09:41:26,1,24.8,19,47120
2015-12-16,000605,09:41:20,1,24.8,3,7440
2015-12-16,000605,09:40:59,1,24.8,10,24800
2015-12-16,000605,09:40:53,2,24.83,1,2483
2015-12-16,000605,09:40:50,1,24.83,3,7448
2015-12-16,000605,09:39:56,1,24.86,1,2486
2015-12-16,000605,09:39:23,1,24.86,3,7458
2015-12-16,000605,09:39:05,1,24.86,10,24860
2015-12-16,000605,09:39:02,1,24.86,20,49720
2015-12-16,000605,09:38:56,1,24.86,20,49720
2015-12-16,000605,09:38:47,1,24.87,3,7461
2015-12-16,000605,09:38:44,1,24.87,5,12435
2015-12-16,000605,09:38:38,2,24.87,34,84558
2015-12-16,000605,09:38:35,1,24.86,5,12430
2015-12-16,000605,09:38:32,1,24.86,11,27346
2015-12-16,000605,09:38:05,1,24.86,12,29832
2015-12-16,000605,09:37:56,2,24.87,6,14922
2015-12-16,000605,09:37:53,1,24.87,104,258648
2015-12-16,000605,09:37:50,0,24.89,5,12445
2015-12-16,000605,09:37:05,2,24.87,11,27357
2015-12-16,000605,09:36:41,1,24.87,39,96993
2015-12-16,000605,09:36:38,2,24.89,39,97071
2015-12-16,000605,09:36:32,1,24.87,3,7461
2015-12-16,000605,09:36:29,1,24.87,6,14922
2015-12-16,000605,09:36:17,2,24.87,3,7461
2015-12-16,000605,09:36:14,2,24.87,14,34818
2015-12-16,000605,09:36:11,2,24.87,4,9948
2015-12-16,000605,09:36:05,1,24.86,4,9944
2015-12-16,000605,09:35:56,0,24.87,2,4974
2015-12-16,000605,09:35:47,1,24.86,46,114356
2015-12-16,000605,09:35:35,2,24.86,3,7458
2015-12-16,000605,09:35:32,2,24.86,5,12430
2015-12-16,000605,09:35:11,2,24.86,1,2486
2015-12-16,000605,09:34:53,2,24.86,2,4972
2015-12-16,000605,09:34:44,1,24.73,4,9892
2015-12-16,000605,09:34:35,2,24.86,8,19888
2015-12-16,000605,09:34:23,0,24.73,2,4946
2015-12-16,000605,09:33:32,0,24.69,50,123450
2015-12-16,000605,09:32:38,1,24.63,19,46797
2015-12-16,000605,09:32:32,1,24.63,4,9852
2015-12-16,000605,09:32:29,0,24.63,6,14778
2015-12-16,000605,09:32:14,1,24.61,1,2461
2015-12-16,000605,09:32:11,1,24.61,17,41837
2015-12-16,000605,09:31:56,1,24.68,28,69104
2015-12-16,000605,09:31:47,1,24.8,15,37200
2015-12-16,000605,09:31:38,1,24.82,6,14892
2015-12-16,000605,09:31:29,2,24.9,10,24900
2015-12-16,000605,09:31:20,0,24.9,10,24900
2015-12-16,000605,09:30:29,0,24.91,1,2491
2015-12-16,000605,09:30:08,2,24.92,8,19936
2015-12-16,000605,09:30:05,1,24.77,59,146143
2015-12-16,000605,09:25:01,2,24.99,91,227409
2015-12-15,000605,15:00:19,2,24.77,237,587049
2015-12-15,000605,14:56:58,2,24.78,60,148680
2015-12-15,000605,14:56:52,2,24.74,21,51954
2015-12-15,000605,14:56:40,2,24.74,36,89064
2015-12-15,000605,14:56:34,2,24.7,56,138320
2015-12-15,000605,14:56:31,1,24.7,56,138320
2015-12-15,000605,14:56:28,1,24.74,13,32161
2015-12-15,000605,14:56:22,2,24.75,4,9900
2015-12-15,000605,14:56:19,1,24.74,5,12370
2015-12-15,000605,14:56:13,2,24.75,4,9900
2015-12-15,000605,14:56:10,2,24.75,7,17325
2015-12-15,000605,14:56:07,1,24.74,15,37110
2015-12-15,000605,14:56:04,2,24.75,16,39600
2015-12-15,000605,14:55:58,2,24.75,5,12375
2015-12-15,000605,14:55:55,0,24.74,1,2474
2015-12-15,000605,14:55:40,2,24.75,20,49500
2015-12-15,000605,14:55:25,0,24.68,4,9872
2015-12-15,000605,14:55:13,2,24.75,1,2475
2015-12-15,000605,14:54:58,1,24.66,12,29592
2015-12-15,000605,14:54:55,2,24.75,1,2475
2015-12-15,000605,14:54:46,1,24.67,5,12335
2015-12-15,000605,14:54:43,0,24.7,2,4940
2015-12-15,000605,14:54:37,1,24.67,2,4934
2015-12-15,000605,14:54:34,2,24.75,10,24750
2015-12-15,000605,14:54:22,2,24.75,16,39600
2015-12-15,000605,14:54:19,1,24.76,15,37140
2015-12-15,000605,14:54:10,1,24.76,5,12380
2015-12-15,000605,14:54:07,0,24.8,26,64480
2015-12-15,000605,14:54:04,1,24.81,24,60734
2015-12-15,000605,14:53:52,1,24.81,1,2481
2015-12-15,000605,14:53:49,2,24.81,32,80682
2015-12-15,000605,14:53:46,2,24.8,5,12400
2015-12-15,000605,14:53:40,1,24.76,10,24760
2015-12-15,000605,14:53:28,2,24.8,6,14880
2015-12-15,000605,14:53:25,1,24.8,17,43350
2015-12-15,000605,14:53:16,1,24.8,15,37200
2015-12-15,000605,14:53:04,1,24.84,4,9936
2015-12-15,000605,14:52:58,2,24.85,20,49700
2015-12-15,000605,14:52:52,1,24.85,3,7455
2015-12-15,000605,14:52:40,1,24.85,2,4970
2015-12-15,000605,14:52:37,2,24.84,10,24840
2015-12-15,000605,14:52:28,1,24.8,15,38489
2015-12-15,000605,14:52:25,1,24.81,10,24810
2015-12-15,000605,14:52:19,0,24.81,10,24810
2015-12-15,000605,14:52:13,1,24.8,1,2480
2015-12-15,000605,14:52:07,2,24.88,36,89568
2015-12-15,000605,14:51:52,1,24.84,2,4968
2015-12-15,000605,14:51:46,2,24.88,10,24880
2015-12-15,000605,14:51:34,2,24.88,6,14928
2015-12-15,000605,14:51:31,1,24.84,3,7452
2015-12-15,000605,14:51:28,1,24.85,5,12425
2015-12-15,000605,14:51:25,1,24.88,2,4976
2015-12-15,000605,14:51:16,2,24.88,19,47272
2015-12-15,000605,14:51:13,1,24.8,5,12400
2015-12-15,000605,14:51:07,1,24.8,11,27280
2015-12-15,000605,14:51:04,2,24.8,16,39680
2015-12-15,000605,14:50:52,1,24.77,29,71833
2015-12-15,000605,14:50:49,2,24.79,1,2479
2015-12-15,000605,14:50:43,2,24.79,35,86765
2015-12-15,000605,14:50:37,2,24.77,26,64402
2015-12-15,000605,14:50:25,1,24.76,22,54472
2015-12-15,000605,14:50:10,2,24.77,34,84218
2015-12-15,000605,14:50:01,1,24.75,1,2475
2015-12-15,000605,14:49:58,2,24.75,22,54450
2015-12-15,000605,14:49:37,0,24.68,3,7404
2015-12-15,000605,14:49:07,0,24.75,10,24750
2015-12-15,000605,14:48:22,2,24.65,9,22185
2015-12-15,000605,14:48:16,2,24.65,5,12325
2015-12-15,000605,14:48:10,2,24.65,4,9860
2015-12-15,000605,14:47:49,2,24.65,5,12325
2015-12-15,000605,14:47:40,1,24.63,27,66501
2015-12-15,000605,14:47:28,2,24.64,2,4928
2015-12-15,000605,14:47:25,1,24.63,2,4926
2015-12-15,000605,14:47:19,2,24.64,20,49280
2015-12-15,000605,14:47:04,2,24.64,2,4928
2015-12-15,000605,14:46:52,2,24.63,72,179306
2015-12-15,000605,14:46:49,2,24.63,1,2463
2015-12-15,000605,14:46:40,1,24.6,9,22140
2015-12-15,000605,14:46:24,1,24.63,116,285708
2015-12-15,000605,14:46:21,0,24.64,2,4928
2015-12-15,000605,14:46:15,1,24.63,41,100983
2015-12-15,000605,14:46:12,2,24.65,1,2465
2015-12-15,000605,14:46:09,2,24.65,2,4930
2015-12-15,000605,14:46:06,1,24.63,254,625602
2015-12-15,000605,14:45:51,1,24.64,2,4928
2015-12-15,000605,14:45:48,2,24.65,1,2465
2015-12-15,000605,14:45:39,1,24.64,5,12320
2015-12-15,000605,14:45:36,2,24.65,1,2465
2015-12-15,000605,14:45:24,1,24.65,12,30073
2015-12-15,000605,14:45:21,2,24.66,5,12330
2015-12-15,000605,14:45:15,2,24.66,5,12330
2015-12-15,000605,14:45:03,1,24.65,36,88740
2015-12-15,000605,14:44:54,2,24.66,2,4932
2015-12-15,000605,14:44:45,1,24.65,4,9860
2015-12-15,000605,14:44:33,1,24.65,3,7395
2015-12-15,000605,14:44:30,1,24.65,7,17255
2015-12-15,000605,14:44:21,1,24.65,12,29580
2015-12-15,000605,14:44:15,1,24.65,1,2465
2015-12-15,000605,14:44:09,1,24.65,102,251430
2015-12-15,000605,14:44:03,1,24.65,16,39440
2015-12-15,000605,14:43:57,1,24.65,20,49300
2015-12-15,000605,14:43:48,1,24.65,90,221850
2015-12-15,000605,14:43:36,1,24.65,15,36975
2015-12-15,000605,14:43:33,1,24.65,10,24650
2015-12-15,000605,14:43:27,2,24.66,8,19728
2015-12-15,000605,14:43:21,1,24.65,21,51765
2015-12-15,000605,14:43:09,2,24.66,34,83844
2015-12-15,000605,14:43:03,2,24.66,3,7398
2015-12-15,000605,14:43:00,2,24.66,6,14796
2015-12-15,000605,14:42:57,2,24.66,10,24660
2015-12-15,000605,14:42:51,1,24.66,56,138096
2015-12-15,000605,14:42:30,1,24.66,12,29592
2015-12-15,000605,14:42:15,1,24.66,4,9864
2015-12-15,000605,14:41:33,2,24.66,2,4932
2015-12-15,000605,14:41:27,1,24.66,40,98640
2015-12-15,000605,14:41:18,2,24.68,1,2468
2015-12-15,000605,14:41:03,1,24.66,50,123300
2015-12-15,000605,14:41:00,2,24.7,1,2470
2015-12-15,000605,14:40:54,1,24.68,30,74040
2015-12-15,000605,14:40:51,2,24.7,20,49400
2015-12-15,000605,14:40:42,2,24.7,14,34580
2015-12-15,000605,14:40:18,1,24.7,36,88920
2015-12-15,000605,14:40:12,1,24.73,50,123650
2015-12-15,000605,14:39:39,1,24.75,50,123750
2015-12-15,000605,14:38:51,1,24.79,3,8626
2015-12-15,000605,14:38:27,1,24.79,17,43432
2015-12-15,000605,14:38:21,1,24.79,2,4958
2015-12-15,000605,14:38:15,2,24.79,16,39664
2015-12-15,000605,14:37:54,1,24.79,16,39664
2015-12-15,000605,14:37:42,1,24.79,1,2479
2015-12-15,000605,14:37:36,2,24.79,8,19832
2015-12-15,000605,14:37:15,2,24.78,5,12390
2015-12-15,000605,14:37:06,2,24.78,4,9912
2015-12-15,000605,14:37:00,1,24.76,5,12380
2015-12-15,000605,14:36:36,1,24.76,3,7428
2015-12-15,000605,14:36:33,0,24.78,6,14868
2015-12-15,000605,14:36:27,2,24.76,7,17332
2015-12-15,000605,14:36:24,1,24.75,40,99000
2015-12-15,000605,14:36:21,1,24.76,1,2476
2015-12-15,000605,14:36:03,2,24.76,5,12380
2015-12-15,000605,14:35:54,1,24.75,1,2475
2015-12-15,000605,14:35:48,1,24.76,3,7428
2015-12-15,000605,14:35:30,1,24.78,7,17346
2015-12-15,000605,14:35:15,2,24.79,5,12395
2015-12-15,000605,14:34:54,2,24.8,28,69440
2015-12-15,000605,14:34:33,1,24.78,1,2478
2015-12-15,000605,14:34:30,2,24.79,10,24790
2015-12-15,000605,14:34:27,2,24.79,7,17353
2015-12-15,000605,14:34:12,2,24.79,3,7437
2015-12-15,000605,14:33:51,2,24.78,21,52038
2015-12-15,000605,14:33:42,1,24.78,6,14868
2015-12-15,000605,14:33:27,2,24.78,7,17346
2015-12-15,000605,14:32:51,1,24.76,4,9904
2015-12-15,000605,14:32:21,2,24.78,2,4956
2015-12-15,000605,14:32:00,2,24.78,4,9912
2015-12-15,000605,14:31:54,1,24.75,1,2475
2015-12-15,000605,14:31:33,2,24.78,3,7434
2015-12-15,000605,14:30:57,1,24.75,6,14850
2015-12-15,000605,14:30:45,2,24.75,7,17325
2015-12-15,000605,14:30:39,2,24.75,5,12375
2015-12-15,000605,14:30:33,1,24.75,11,27225
2015-12-15,000605,14:30:30,1,24.75,10,24750
2015-12-15,000605,14:30:12,1,24.75,2,4950
2015-12-15,000605,14:29:33,1,24.75,5,12375
2015-12-15,000605,14:29:24,2,24.75,90,222750
2015-12-15,000605,14:29:03,2,24.75,10,24750
2015-12-15,000605,14:28:51,2,24.75,2,4950
2015-12-15,000605,14:28:36,2,24.75,6,14850
2015-12-15,000605,14:28:09,1,24.74,7,17318
2015-12-15,000605,14:27:54,2,24.74,17,42058
2015-12-15,000605,14:27:48,2,24.74,10,24740
2015-12-15,000605,14:27:33,1,24.72,8,19776
2015-12-15,000605,14:27:30,1,24.73,1,2473
2015-12-15,000605,14:27:27,2,24.74,11,27214
2015-12-15,000605,14:27:09,2,24.74,10,24740
2015-12-15,000605,14:26:53,2,24.74,12,29687
2015-12-15,000605,14:26:50,2,24.74,5,12370
2015-12-15,000605,14:26:44,2,24.74,16,39584
2015-12-15,000605,14:26:29,2,24.74,29,71746
2015-12-15,000605,14:26:17,2,24.74,8,19792
2015-12-15,000605,14:26:11,2,24.73,15,37095
2015-12-15,000605,14:26:08,2,24.73,5,12365
2015-12-15,000605,14:25:44,1,24.71,35,86485
2015-12-15,000605,14:25:32,2,24.72,3,7416
2015-12-15,000605,14:25:26,2,24.72,3,7416
2015-12-15,000605,14:25:23,2,24.72,5,12360
2015-12-15,000605,14:25:05,2,24.71,15,37065
2015-12-15,000605,14:25:02,2,24.71,19,46949
2015-12-15,000605,14:24:56,1,24.68,22,54296
2015-12-15,000605,14:24:41,2,24.68,1,2468
2015-12-15,000605,14:24:35,0,24.68,4,9872
2015-12-15,000605,14:24:32,1,24.67,61,150487
2015-12-15,000605,14:24:20,1,24.71,2,4942
2015-12-15,000605,14:24:14,1,24.71,5,12355
2015-12-15,000605,14:24:11,1,24.71,1,2471
2015-12-15,000605,14:23:59,1,24.71,3,7413
2015-12-15,000605,14:23:50,2,24.71,7,17297
2015-12-15,000605,14:23:41,1,24.68,1,2468
2015-12-15,000605,14:23:23,2,24.68,16,39488
2015-12-15,000605,14:23:14,2,24.68,4,9872
2015-12-15,000605,14:23:11,2,24.68,5,12340
2015-12-15,000605,14:23:02,1,24.68,8,19744
2015-12-15,000605,14:22:41,2,24.71,5,12355
2015-12-15,000605,14:21:41,0,24.71,2,4942
2015-12-15,000605,14:21:11,2,24.72,20,49440
2015-12-15,000605,14:21:05,1,24.68,24,59232
2015-12-15,000605,14:21:02,2,24.72,20,49440
2015-12-15,000605,14:20:59,2,24.71,30,74130
2015-12-15,000605,14:19:56,0,24.71,20,49420
2015-12-15,000605,14:19:08,1,24.68,10,24680
2015-12-15,000605,14:18:50,1,24.68,4,9872
2015-12-15,000605,14:18:38,2,24.72,10,24720
2015-12-15,000605,14:18:35,0,24.68,5,12340
2015-12-15,000605,14:17:56,1,24.67,1,2467
2015-12-15,000605,14:16:59,1,24.67,8,19736
2015-12-15,000605,14:16:05,1,24.73,7,17311
2015-12-15,000605,14:15:59,2,24.74,11,27214
2015-12-15,000605,14:15:56,1,24.73,4,9892
2015-12-15,000605,14:15:50,2,24.74,3,7421
2015-12-15,000605,14:15:38,2,24.74,1,2474
2015-12-15,000605,14:15:29,2,24.74,1,2474
2015-12-15,000605,14:15:20,1,24.73,3,7419
2015-12-15,000605,14:15:14,2,24.72,8,19776
2015-12-15,000605,14:14:44,1,24.66,7,17262
2015-12-15,000605,14:14:32,1,24.66,12,29592
2015-12-15,000605,14:12:56,0,24.66,9,22194
2015-12-15,000605,14:12:08,1,24.65,8,19720
2015-12-15,000605,14:12:05,1,24.65,36,88740
2015-12-15,000605,14:11:41,1,24.65,600,1479000
2015-12-15,000605,14:11:14,2,24.68,39,96252
2015-12-15,000605,14:10:59,1,24.68,19,46892
2015-12-15,000605,14:10:41,1,24.7,10,24700
2015-12-15,000605,14:10:35,1,24.7,10,24700
2015-12-15,000605,14:10:23,1,24.7,12,29640
2015-12-15,000605,14:10:08,2,24.7,9,22230
2015-12-15,000605,14:09:56,2,24.7,6,14820
2015-12-15,000605,14:09:41,1,24.7,8,19760
2015-12-15,000605,14:08:47,0,24.75,1,2475
2015-12-15,000605,14:08:23,1,24.7,1,2470
2015-12-15,000605,14:08:14,0,24.76,2,4952
2015-12-15,000605,14:07:29,2,24.7,24,59280
2015-12-15,000605,14:07:16,1,24.67,4,9868
2015-12-15,000605,14:07:10,0,24.68,83,204844
2015-12-15,000605,14:06:58,2,24.7,1,2470
2015-12-15,000605,14:06:52,1,24.67,4,9868
2015-12-15,000605,14:06:43,2,24.67,15,37005
2015-12-15,000605,14:06:31,2,24.66,10,24660
2015-12-15,000605,14:06:25,1,24.65,1,2465
2015-12-15,000605,14:06:16,2,24.66,10,24660
2015-12-15,000605,14:06:13,2,24.66,7,17262
2015-12-15,000605,14:06:07,2,24.66,5,12330
2015-12-15,000605,14:06:04,1,24.65,50,123250
2015-12-15,000605,14:05:55,2,24.66,1,2466
2015-12-15,000605,14:05:52,1,24.65,1,2465
2015-12-15,000605,14:05:46,2,24.66,10,24660
2015-12-15,000605,14:05:43,2,24.66,30,73980
2015-12-15,000605,14:05:34,1,24.65,12,29580
2015-12-15,000605,14:05:31,1,24.65,36,88740
2015-12-15,000605,14:05:28,1,24.65,2,4930
2015-12-15,000605,14:05:25,2,24.66,23,56718
2015-12-15,000605,14:05:13,2,24.66,2,4932
2015-12-15,000605,14:05:07,1,24.65,7,17255
2015-12-15,000605,14:05:01,2,24.66,2,4932
2015-12-15,000605,14:04:52,1,24.66,14,34524
2015-12-15,000605,14:04:46,2,24.67,2,4934
2015-12-15,000605,14:04:31,1,24.66,6,14796
2015-12-15,000605,14:04:19,1,24.67,5,12335
2015-12-15,000605,14:04:10,1,24.67,5,12335
2015-12-15,000605,14:04:07,1,24.67,7,17269
2015-12-15,000605,14:03:55,2,24.68,2,4936
2015-12-15,000605,14:03:43,1,24.68,62,153016
2015-12-15,000605,14:03:40,1,24.68,21,51828
2015-12-15,000605,14:03:34,1,24.68,2,4936
2015-12-15,000605,14:03:25,1,24.69,15,37035
2015-12-15,000605,14:03:13,1,24.69,20,49380
2015-12-15,000605,14:03:04,1,24.7,24,59280
2015-12-15,000605,14:03:01,2,24.75,56,138600
2015-12-15,000605,14:02:58,1,24.74,39,96486
2015-12-15,000605,14:02:46,2,24.75,5,12375
2015-12-15,000605,14:02:37,1,24.75,4,9900
2015-12-15,000605,14:02:16,1,24.78,2,4956
2015-12-15,000605,14:01:28,2,24.79,6,14874
2015-12-15,000605,14:00:37,2,24.79,2,4958
2015-12-15,000605,14:00:22,1,24.78,4,9912
2015-12-15,000605,13:59:55,1,24.78,1,2478
2015-12-15,000605,13:59:49,2,24.79,1,2479
2015-12-15,000605,13:59:16,1,24.78,2,4956
2015-12-15,000605,13:58:58,2,24.78,3,7434
2015-12-15,000605,13:58:13,2,24.78,1,2478
2015-12-15,000605,13:57:49,2,24.74,1,2474
2015-12-15,000605,13:57:43,1,24.71,8,19768
2015-12-15,000605,13:57:40,2,24.71,32,79072
2015-12-15,000605,13:57:31,2,24.7,28,69160
2015-12-15,000605,13:57:22,1,24.69,10,24690
2015-12-15,000605,13:57:04,2,24.7,8,19760
2015-12-15,000605,13:56:55,2,24.7,10,24700
2015-12-15,000605,13:56:46,2,24.7,14,34580
2015-12-15,000605,13:56:34,2,24.7,1,2470
2015-12-15,000605,13:56:31,1,24.7,8,19760
2015-12-15,000605,13:56:28,2,24.71,9,22239
2015-12-15,000605,13:56:19,2,24.71,1,2471
2015-12-15,000605,13:56:04,1,24.7,1,2470
2015-12-15,000605,13:55:46,2,24.7,23,56810
2015-12-15,000605,13:55:28,1,24.67,6,14802
2015-12-15,000605,13:55:25,2,24.7,10,24700
2015-12-15,000605,13:55:07,1,24.68,40,98720
2015-12-15,000605,13:55:01,2,24.7,1,2470
2015-12-15,000605,13:54:52,1,24.7,3,7410
2015-12-15,000605,13:54:31,1,24.7,6,14820
2015-12-15,000605,13:54:16,2,24.7,42,103740
2015-12-15,000605,13:53:16,1,24.68,58,143144
2015-12-15,000605,13:53:10,1,24.69,6,14814
2015-12-15,000605,13:53:07,2,24.7,1,2470
2015-12-15,000605,13:52:28,2,24.69,3,7407
2015-12-15,000605,13:52:25,1,24.68,4,9872
2015-12-15,000605,13:52:07,2,24.69,7,17283
2015-12-15,000605,13:52:01,0,24.69,1,2469
2015-12-15,000605,13:51:40,2,24.69,22,54318
2015-12-15,000605,13:51:22,1,24.69,13,32097
2015-12-15,000605,13:50:40,1,24.69,3,7407
2015-12-15,000605,13:50:28,2,24.7,2,4940
2015-12-15,000605,13:50:01,1,24.69,11,27159
2015-12-15,000605,13:49:55,1,24.69,6,14814
2015-12-15,000605,13:49:46,1,24.69,3,7407
2015-12-15,000605,13:49:40,1,24.69,50,123450
2015-12-15,000605,13:49:28,1,24.69,1,2469
2015-12-15,000605,13:49:19,1,24.69,6,14814
2015-12-15,000605,13:49:04,2,24.7,5,12350
2015-12-15,000605,13:49:01,1,24.69,1,2469
2015-12-15,000605,13:48:46,1,24.69,20,49380
2015-12-15,000605,13:47:46,1,24.69,10,24690
2015-12-15,000605,13:47:43,1,24.69,42,103698
2015-12-15,000605,13:47:40,2,24.69,7,17283
2015-12-15,000605,13:47:16,1,24.68,16,39488
2015-12-15,000605,13:47:07,2,24.7,2,4940
2015-12-15,000605,13:47:04,1,24.68,3,7404
2015-12-15,000605,13:47:01,2,24.7,10,24700
2015-12-15,000605,13:46:33,2,24.7,2,4940
2015-12-15,000605,13:46:30,2,24.7,1,2470
2015-12-15,000605,13:46:27,2,24.7,19,46930
2015-12-15,000605,13:46:03,2,24.7,11,27170
2015-12-15,000605,13:45:33,2,24.7,4,9880
2015-12-15,000605,13:45:21,2,24.68,5,12340
2015-12-15,000605,13:45:12,1,24.67,3,7401
2015-12-15,000605,13:45:00,1,24.67,7,17269
2015-12-15,000605,13:44:48,2,24.67,19,46873
2015-12-15,000605,13:44:42,2,24.67,15,37005
2015-12-15,000605,13:44:33,1,24.66,20,49320
2015-12-15,000605,13:44:30,1,24.67,25,61675
2015-12-15,000605,13:44:18,2,24.67,15,37005
2015-12-15,000605,13:44:12,1,24.66,10,24660
2015-12-15,000605,13:44:00,2,24.68,38,93784
2015-12-15,000605,13:43:57,1,24.66,12,29592
2015-12-15,000605,13:43:48,2,24.67,4,9868
2015-12-15,000605,13:43:42,1,24.66,4,9864
2015-12-15,000605,13:43:39,2,24.67,5,12335
2015-12-15,000605,13:43:36,2,24.67,41,101147
2015-12-15,000605,13:43:27,2,24.67,111,273837
2015-12-15,000605,13:43:24,0,24.67,6,14802
2015-12-15,000605,13:43:12,2,24.68,11,27148
2015-12-15,000605,13:43:09,1,24.67,4,9868
2015-12-15,000605,13:43:03,2,24.68,2,4936
2015-12-15,000605,13:42:57,2,24.68,3,7404
2015-12-15,000605,13:42:48,1,24.67,2,4934
2015-12-15,000605,13:42:39,2,24.68,5,12340
2015-12-15,000605,13:42:36,1,24.67,15,37005
2015-12-15,000605,13:42:15,2,24.68,1,2468
2015-12-15,000605,13:42:06,0,24.68,3,7404
2015-12-15,000605,13:41:54,1,24.67,8,19736
2015-12-15,000605,13:41:45,0,24.68,11,27148
2015-12-15,000605,13:41:27,2,24.69,1,2469
2015-12-15,000605,13:41:09,1,24.67,35,86345
2015-12-15,000605,13:41:00,1,24.69,1,2469
2015-12-15,000605,13:40:48,1,24.67,1,2467
2015-12-15,000605,13:40:36,2,24.7,13,32110
2015-12-15,000605,13:40:33,1,24.69,14,34566
2015-12-15,000605,13:40:30,2,24.7,1,2470
2015-12-15,000605,13:39:57,2,24.7,5,12350
2015-12-15,000605,13:39:42,2,24.69,11,27159
2015-12-15,000605,13:39:39,2,24.69,7,17283
2015-12-15,000605,13:39:36,1,24.67,7,17269
2015-12-15,000605,13:39:33,2,24.69,8,19752
2015-12-15,000605,13:39:30,2,24.69,21,51849
2015-12-15,000605,13:39:18,1,24.69,9,22221
2015-12-15,000605,13:39:12,2,24.7,5,12350
2015-12-15,000605,13:38:42,1,24.69,1,2469
2015-12-15,000605,13:38:39,2,24.7,10,24700
2015-12-15,000605,13:38:36,1,24.7,126,311220
2015-12-15,000605,13:38:33,1,24.7,2,4940
2015-12-15,000605,13:38:30,2,24.71,5,12355
2015-12-15,000605,13:38:27,0,24.71,3,7413
2015-12-15,000605,13:38:21,2,24.71,3,7413
2015-12-15,000605,13:38:12,1,24.71,1,2471
2015-12-15,000605,13:38:09,1,24.71,51,126021
2015-12-15,000605,13:38:03,1,24.71,6,14826
2015-12-15,000605,13:37:51,1,24.72,36,88992
2015-12-15,000605,13:37:39,1,24.72,16,39552
2015-12-15,000605,13:37:33,2,24.74,20,49480
2015-12-15,000605,13:37:30,1,24.73,1,2473
2015-12-15,000605,13:37:27,1,24.73,2,4946
2015-12-15,000605,13:37:21,1,24.73,10,24730
2015-12-15,000605,13:37:15,2,24.74,5,12370
2015-12-15,000605,13:37:06,1,24.73,16,39568
2015-12-15,000605,13:36:54,1,24.74,10,24740
2015-12-15,000605,13:36:24,1,24.74,75,185550
2015-12-15,000605,13:36:21,1,24.77,7,17339
2015-12-15,000605,13:36:15,2,24.78,10,24780
2015-12-15,000605,13:36:06,1,24.77,10,24770
2015-12-15,000605,13:36:00,1,24.77,4,9908
2015-12-15,000605,13:35:24,1,24.77,10,24770
2015-12-15,000605,13:35:15,2,24.77,10,24770
2015-12-15,000605,13:35:12,1,24.76,41,101516
2015-12-15,000605,13:34:45,1,24.76,2,4952
2015-12-15,000605,13:34:18,1,24.76,90,222840
2015-12-15,000605,13:34:15,2,24.78,2,4956
2015-12-15,000605,13:33:57,1,24.78,32,79296
2015-12-15,000605,13:33:45,1,24.79,89,220631
2015-12-15,000605,13:33:00,1,24.8,1,2480
2015-12-15,000605,13:32:51,2,24.81,2,4962
2015-12-15,000605,13:32:48,1,24.81,85,210885
2015-12-15,000605,13:32:15,2,24.84,4,9936
2015-12-15,000605,13:32:12,1,24.84,3,7452
2015-12-15,000605,13:31:30,2,24.84,11,27324
2015-12-15,000605,13:31:24,1,24.82,1,2482
2015-12-15,000605,13:31:18,1,24.84,4,9936
2015-12-15,000605,13:31:03,0,24.84,1,2484
2015-12-15,000605,13:29:21,2,24.85,8,19880
2015-12-15,000605,13:29:00,1,24.81,15,37215
2015-12-15,000605,13:28:39,1,24.81,11,27291
2015-12-15,000605,13:28:15,1,24.8,5,12400
2015-12-15,000605,13:27:51,2,24.85,5,12425
2015-12-15,000605,13:27:45,2,24.85,30,74550
2015-12-15,000605,13:27:42,2,24.85,5,12425
2015-12-15,000605,13:25:29,2,24.85,2,4970
2015-12-15,000605,13:25:08,1,24.78,10,24780
2015-12-15,000605,13:24:47,2,24.86,1,2486
2015-12-15,000605,13:23:50,2,24.78,8,19824
2015-12-15,000605,13:22:56,0,24.78,10,24780
2015-12-15,000605,13:22:23,1,24.77,4,9908
2015-12-15,000605,13:21:26,2,24.77,30,74310
2015-12-15,000605,13:21:17,2,24.77,2,4954
2015-12-15,000605,13:21:08,2,24.77,5,12385
2015-12-15,000605,13:20:53,0,24.77,10,24770
2015-12-15,000605,13:19:38,0,24.76,4,9904
2015-12-15,000605,13:18:53,0,24.74,13,32161
2015-12-15,000605,13:17:26,2,24.92,107,266644
2015-12-15,000605,13:17:20,2,24.92,100,249200
2015-12-15,000605,13:17:17,1,24.73,15,39197
2015-12-15,000605,13:16:59,1,24.73,9,22257
2015-12-15,000605,13:16:47,1,24.73,1,2843
2015-12-15,000605,13:16:32,1,24.74,2,7050
2015-12-15,000605,13:16:14,1,24.74,1,2474
2015-12-15,000605,13:15:56,1,24.74,5,12370
2015-12-15,000605,13:15:41,2,24.75,10,24750
2015-12-15,000605,13:15:38,2,24.75,10,24750
2015-12-15,000605,13:15:29,2,24.75,1,2475
2015-12-15,000605,13:14:47,2,24.74,2,5319
2015-12-15,000605,13:14:35,2,24.74,8,19792
2015-12-15,000605,13:14:23,2,24.74,10,24740
2015-12-15,000605,13:14:17,1,24.74,11,27214
2015-12-15,000605,13:14:11,1,24.74,6,14843
2015-12-15,000605,13:14:02,2,24.74,5,12370
2015-12-15,000605,13:13:59,1,24.73,2,4946
2015-12-15,000605,13:13:38,1,24.74,2,4948
2015-12-15,000605,13:13:17,1,24.75,59,147807
2015-12-15,000605,13:12:41,1,24.76,10,24760
2015-12-15,000605,13:12:38,1,24.76,5,13073
2015-12-15,000605,13:12:05,1,24.76,10,24760
2015-12-15,000605,13:11:47,2,24.77,8,19816
2015-12-15,000605,13:11:38,2,24.77,6,14862
2015-12-15,000605,13:11:35,2,24.77,1,2477
2015-12-15,000605,13:11:26,1,24.77,35,86695
2015-12-15,000605,13:11:14,2,24.78,10,24780
2015-12-15,000605,13:11:11,1,24.77,3,7431
2015-12-15,000605,13:10:17,2,24.77,15,37155
2015-12-15,000605,13:10:14,2,24.77,5,12385
2015-12-15,000605,13:10:02,1,24.76,2,4952
2015-12-15,000605,13:09:50,1,24.76,5,12380
2015-12-15,000605,13:09:47,2,24.78,10,24780
2015-12-15,000605,13:09:41,1,24.77,5,12385
2015-12-15,000605,13:09:38,2,24.78,2,4956
2015-12-15,000605,13:09:05,1,24.76,8,19808
2015-12-15,000605,13:08:41,1,24.78,8,19824
2015-12-15,000605,13:07:56,1,24.78,6,14868
2015-12-15,000605,13:07:17,1,24.78,1,2478
2015-12-15,000605,13:07:11,2,24.78,2,4956
2015-12-15,000605,13:06:59,1,24.76,10,24760
2015-12-15,000605,13:06:53,1,24.77,15,37155
2015-12-15,000605,13:06:38,1,24.77,3,7431
2015-12-15,000605,13:06:35,1,24.77,2,4954
2015-12-15,000605,13:06:32,0,24.77,1,2477
2015-12-15,000605,13:06:17,1,24.76,10,24760
2015-12-15,000605,13:05:59,2,24.78,1,2478
2015-12-15,000605,13:05:56,1,24.76,10,24760
2015-12-15,000605,13:05:35,2,24.76,2,4952
2015-12-15,000605,13:04:31,1,24.76,1,2476
2015-12-15,000605,13:03:58,2,24.76,4,9904
2015-12-15,000605,13:03:49,2,24.76,5,12380
2015-12-15,000605,13:03:37,2,24.76,5,12380
2015-12-15,000605,13:03:25,0,24.76,6,14856
2015-12-15,000605,13:03:16,1,24.76,2,4952
2015-12-15,000605,13:02:52,1,24.76,3,7428
2015-12-15,000605,13:02:40,2,24.76,16,39616
2015-12-15,000605,13:02:34,1,24.74,1,2474
2015-12-15,000605,13:02:28,2,24.76,5,12380
2015-12-15,000605,13:02:25,2,24.76,6,14856
2015-12-15,000605,13:02:16,1,24.74,10,24740
2015-12-15,000605,13:02:01,2,24.76,5,12380
2015-12-15,000605,13:01:52,1,24.73,1,2473
2015-12-15,000605,13:01:40,2,24.76,5,12380
2015-12-15,000605,13:01:28,2,24.76,10,24760
2015-12-15,000605,13:01:16,1,24.73,1,2473
2015-12-15,000605,13:01:10,2,24.76,5,12380
2015-12-15,000605,13:01:04,2,24.76,13,32188
2015-12-15,000605,13:00:55,2,24.76,10,24760
2015-12-15,000605,13:00:34,2,24.76,9,22284
2015-12-15,000605,13:00:25,2,24.76,5,12380
2015-12-15,000605,13:00:13,2,24.76,6,14856
2015-12-15,000605,13:00:10,2,24.76,21,51996
2015-12-15,000605,13:00:07,2,24.76,11,27236
2015-12-15,000605,13:00:04,1,24.76,75,185700
2015-12-15,000605,11:29:54,2,24.92,5,12460
2015-12-15,000605,11:29:30,2,24.92,3,7476
2015-12-15,000605,11:29:12,1,24.8,1,2480
2015-12-15,000605,11:29:06,2,24.8,31,76880
2015-12-15,000605,11:28:26,2,24.8,1,2480
2015-12-15,000605,11:28:17,2,24.8,10,24800
2015-12-15,000605,11:28:14,1,24.8,8,19840
2015-12-15,000605,11:27:53,2,24.93,1,2493
2015-12-15,000605,11:27:32,2,24.93,4,9972
2015-12-15,000605,11:27:02,2,24.8,11,27280
2015-12-15,000605,11:26:50,2,24.78,4,9912
2015-12-15,000605,11:26:38,2,24.78,10,24780
2015-12-15,000605,11:26:32,2,24.78,10,24780
2015-12-15,000605,11:26:14,2,24.78,10,24780
2015-12-15,000605,11:26:05,2,24.78,18,44604
2015-12-15,000605,11:25:50,2,24.78,3,7434
2015-12-15,000605,11:25:47,1,24.76,15,37140
2015-12-15,000605,11:25:29,2,24.76,6,14856
2015-12-15,000605,11:25:26,2,24.76,7,17332
2015-12-15,000605,11:24:56,2,24.76,1,2476
2015-12-15,000605,11:24:44,2,24.76,10,24760
2015-12-15,000605,11:24:38,1,24.74,6,14843
2015-12-15,000605,11:24:32,2,24.76,4,9904
2015-12-15,000605,11:24:23,2,24.76,4,9904
2015-12-15,000605,11:24:05,2,24.76,1,2476
2015-12-15,000605,11:23:50,2,24.76,10,24760
2015-12-15,000605,11:23:47,1,24.75,1,2475
2015-12-15,000605,11:23:41,2,24.76,9,22284
2015-12-15,000605,11:23:38,2,24.76,2,4952
2015-12-15,000605,11:23:20,1,24.76,10,24760
2015-12-15,000605,11:23:17,2,24.78,10,24780
2015-12-15,000605,11:23:14,1,24.76,20,49520
2015-12-15,000605,11:22:59,1,24.76,4,9904
2015-12-15,000605,11:22:53,2,24.78,9,22302
2015-12-15,000605,11:22:44,2,24.78,5,12390
2015-12-15,000605,11:22:35,1,24.76,20,49520
2015-12-15,000605,11:22:32,2,24.78,2,4956
2015-12-15,000605,11:22:17,2,24.78,13,32214
2015-12-15,000605,11:22:11,1,24.78,15,37170
2015-12-15,000605,11:22:08,2,24.79,10,24790
2015-12-15,000605,11:21:56,2,24.79,4,9916
2015-12-15,000605,11:21:53,2,24.79,5,12395
2015-12-15,000605,11:21:50,1,24.79,1,2479
2015-12-15,000605,11:21:32,2,24.8,10,24800
2015-12-15,000605,11:21:23,2,24.8,1,2480
2015-12-15,000605,11:21:17,1,24.8,128,317440
2015-12-15,000605,11:21:11,1,24.81,4,9924
2015-12-15,000605,11:20:59,1,24.82,2,4964
2015-12-15,000605,11:20:56,2,24.85,9,22365
2015-12-15,000605,11:20:32,1,24.85,2,4970
2015-12-15,000605,11:20:20,2,24.87,4,9948
2015-12-15,000605,11:20:14,2,24.86,3,7458
2015-12-15,000605,11:20:11,1,24.86,8,19888
2015-12-15,000605,11:19:59,1,24.86,3,7458
2015-12-15,000605,11:19:56,2,24.87,5,12435
2015-12-15,000605,11:19:11,1,24.86,3,7458
2015-12-15,000605,11:18:47,1,24.88,4,9952
2015-12-15,000605,11:18:38,1,24.88,6,14928
2015-12-15,000605,11:18:29,1,24.88,24,59712
2015-12-15,000605,11:18:23,0,24.9,9,22410
2015-12-15,000605,11:17:56,1,24.9,12,29880
2015-12-15,000605,11:17:29,1,24.9,1,2490
2015-12-15,000605,11:17:05,2,24.95,10,24950
2015-12-15,000605,11:16:29,1,24.95,1,2495
2015-12-15,000605,11:16:23,1,24.95,2,4990
2015-12-15,000605,11:15:56,0,24.95,8,19960
2015-12-15,000605,11:15:20,2,24.95,5,12475
2015-12-15,000605,11:15:08,2,24.93,4,9972
2015-12-15,000605,11:15:05,1,24.9,10,24900
2015-12-15,000605,11:14:35,2,24.9,17,42330
2015-12-15,000605,11:14:23,2,24.9,5,12450
2015-12-15,000605,11:14:20,1,24.86,14,34804
2015-12-15,000605,11:13:44,2,24.86,22,54692
2015-12-15,000605,11:12:59,2,24.86,1,2486
2015-12-15,000605,11:12:53,1,24.8,130,322400
2015-12-15,000605,11:12:38,2,24.86,3,7458
2015-12-15,000605,11:12:35,1,24.86,18,44748
2015-12-15,000605,11:11:41,0,24.86,3,7458
2015-12-15,000605,11:10:32,1,24.85,1,2485
2015-12-15,000605,11:10:29,2,24.9,4,9960
2015-12-15,000605,11:10:11,0,24.84,4,9936
2015-12-15,000605,11:09:41,1,24.82,11,27302
2015-12-15,000605,11:09:14,0,24.82,2,4964
2015-12-15,000605,11:08:29,1,24.81,10,24810
2015-12-15,000605,11:08:14,1,24.81,106,262986
2015-12-15,000605,11:08:08,1,24.84,4,9936
2015-12-15,000605,11:07:56,2,24.85,49,121765
2015-12-15,000605,11:07:50,2,24.85,70,173950
2015-12-15,000605,11:07:28,2,24.85,3,7455
2015-12-15,000605,11:07:04,1,24.84,10,24840
2015-12-15,000605,11:06:55,2,24.85,3,7455
2015-12-15,000605,11:06:46,2,24.85,3,7455
2015-12-15,000605,11:06:28,1,24.83,5,12415
2015-12-15,000605,11:06:10,2,24.85,10,24850
2015-12-15,000605,11:06:07,2,24.85,10,24850
2015-12-15,000605,11:05:40,2,24.85,10,24850
2015-12-15,000605,11:05:19,1,24.83,1,2483
2015-12-15,000605,11:05:13,2,24.85,5,12425
2015-12-15,000605,11:04:55,2,24.85,12,29820
2015-12-15,000605,11:04:43,1,24.83,10,24830
2015-12-15,000605,11:04:37,1,24.83,10,24830
2015-12-15,000605,11:04:07,2,24.83,4,9932
2015-12-15,000605,11:03:49,1,24.83,7,17381
2015-12-15,000605,11:03:31,2,24.85,10,24850
2015-12-15,000605,11:03:28,1,24.85,12,29820
2015-12-15,000605,11:03:01,2,24.9,1,2490
2015-12-15,000605,11:02:58,2,24.9,8,19920
2015-12-15,000605,11:02:40,2,24.9,3,7470
2015-12-15,000605,11:01:10,1,24.9,4,9960
2015-12-15,000605,11:00:28,2,24.95,3,7485
2015-12-15,000605,11:00:13,1,24.93,1,2493
2015-12-15,000605,10:59:49,2,24.95,5,12475
2015-12-15,000605,10:58:58,1,24.95,93,232035
2015-12-15,000605,10:58:55,2,25.0,10,25000
2015-12-15,000605,10:58:40,2,25.0,8,20000
2015-12-15,000605,10:58:22,1,24.95,1,2495
2015-12-15,000605,10:57:25,1,24.95,4,9980
2015-12-15,000605,10:56:55,1,25.0,4,12125
2015-12-15,000605,10:56:43,1,25.0,10,25000
2015-12-15,000605,10:56:34,2,25.0,9,22875
2015-12-15,000605,10:56:31,1,25.0,25,64625
2015-12-15,000605,10:56:28,1,25.0,5,12500
2015-12-15,000605,10:56:22,1,25.0,2,5000
2015-12-15,000605,10:56:19,1,25.0,20,50000
2015-12-15,000605,10:56:16,1,25.0,23,57500
2015-12-15,000605,10:55:49,1,25.01,17,42517
2015-12-15,000605,10:55:37,2,25.01,2,5002
2015-12-15,000605,10:55:16,1,25.01,2,5002
2015-12-15,000605,10:55:01,2,25.05,2,5010
2015-12-15,000605,10:54:43,2,25.05,1,2505
2015-12-15,000605,10:54:25,1,25.01,3,7503
2015-12-15,000605,10:54:16,2,25.01,3,7503
2015-12-15,000605,10:54:13,2,25.01,4,10004
2015-12-15,000605,10:54:10,1,25.0,6,15000
2015-12-15,000605,10:53:43,1,25.0,4,10000
2015-12-15,000605,10:53:31,1,25.0,20,50000
2015-12-15,000605,10:53:22,1,25.0,2,5000
2015-12-15,000605,10:53:13,2,25.0,162,405375
2015-12-15,000605,10:53:01,2,24.99,4,9996
2015-12-15,000605,10:52:52,1,24.99,12,29987
2015-12-15,000605,10:52:40,1,24.99,1,2499
2015-12-15,000605,10:52:31,1,24.99,7,17493
2015-12-15,000605,10:52:16,1,24.99,6,14993
2015-12-15,000605,10:52:04,1,24.99,17,42483
2015-12-15,000605,10:52:01,1,24.99,10,24990
2015-12-15,000605,10:51:52,2,24.99,47,117452
2015-12-15,000605,10:51:43,1,24.95,24,59880
2015-12-15,000605,10:51:40,1,24.95,8,19960
2015-12-15,000605,10:51:13,1,24.95,1,2495
2015-12-15,000605,10:51:10,1,24.95,13,32435
2015-12-15,000605,10:50:52,2,24.99,1,2499
2015-12-15,000605,10:50:37,1,24.95,2,4990
2015-12-15,000605,10:50:16,1,24.95,12,29940
2015-12-15,000605,10:50:13,2,24.99,23,57477
2015-12-15,000605,10:49:52,2,24.97,6,14982
2015-12-15,000605,10:49:46,1,24.97,2,4994
2015-12-15,000605,10:49:34,1,24.97,2,4994
2015-12-15,000605,10:49:31,1,24.97,2,4994
2015-12-15,000605,10:49:25,1,24.97,2,4994
2015-12-15,000605,10:49:10,1,24.97,2,4994
2015-12-15,000605,10:48:37,1,24.97,7,17479
2015-12-15,000605,10:48:31,1,24.97,6,14982
2015-12-15,000605,10:48:28,1,24.97,4,9988
2015-12-15,000605,10:48:25,1,24.97,4,9988
2015-12-15,000605,10:48:16,1,24.97,10,24970
2015-12-15,000605,10:47:52,1,24.97,5,12485
2015-12-15,000605,10:47:25,1,24.97,2,4994
2015-12-15,000605,10:47:22,1,24.97,10,24970
2015-12-15,000605,10:47:16,1,24.97,10,24970
2015-12-15,000605,10:47:10,1,24.97,3,7491
2015-12-15,000605,10:47:07,2,24.98,2,4996
2015-12-15,000605,10:47:04,1,24.97,8,19976
2015-12-15,000605,10:47:01,1,24.97,8,19976
2015-12-15,000605,10:46:58,1,24.97,3,7491
2015-12-15,000605,10:46:39,1,24.99,6,14993
2015-12-15,000605,10:46:27,1,24.99,18,44982
2015-12-15,000605,10:46:18,2,25.0,1,2500
2015-12-15,000605,10:46:09,2,25.0,1,2500
2015-12-15,000605,10:46:06,2,25.0,2,5000
2015-12-15,000605,10:46:00,2,25.0,30,75000
2015-12-15,000605,10:45:45,2,25.0,95,237500
2015-12-15,000605,10:45:42,2,24.99,3,7496
2015-12-15,000605,10:45:39,2,24.99,20,49980
2015-12-15,000605,10:45:30,2,24.98,5,12490
2015-12-15,000605,10:45:27,2,24.97,14,34958
2015-12-15,000605,10:45:18,1,24.95,5,12475
2015-12-15,000605,10:45:15,1,24.95,2,4990
2015-12-15,000605,10:45:12,2,24.95,93,232035
2015-12-15,000605,10:45:09,2,24.95,100,249500
2015-12-15,000605,10:44:42,2,24.93,22,54846
2015-12-15,000605,10:44:39,2,24.92,17,42364
2015-12-15,000605,10:44:30,2,24.92,17,42364
2015-12-15,000605,10:44:18,2,24.88,71,176648
2015-12-15,000605,10:44:09,0,24.84,6,14904
2015-12-15,000605,10:44:00,2,24.85,56,139160
2015-12-15,000605,10:43:21,1,24.8,1,2480
2015-12-15,000605,10:43:15,2,24.8,69,171120
2015-12-15,000605,10:43:03,2,24.79,15,37185
2015-12-15,000605,10:43:00,1,24.78,10,24780
2015-12-15,000605,10:42:51,2,24.78,4,9912
2015-12-15,000605,10:42:45,2,24.78,1,2478
2015-12-15,000605,10:42:39,1,24.78,15,37170
2015-12-15,000605,10:42:21,1,24.79,1,2479
2015-12-15,000605,10:42:00,1,24.8,9,22320
2015-12-15,000605,10:41:48,2,24.8,15,37200
2015-12-15,000605,10:41:42,1,24.79,5,12395
2015-12-15,000605,10:41:39,2,24.8,4,9920
2015-12-15,000605,10:41:24,1,24.8,6,14880
2015-12-15,000605,10:41:03,1,24.81,7,17367
2015-12-15,000605,10:40:39,2,24.81,13,32253
2015-12-15,000605,10:40:21,2,24.81,10,24810
2015-12-15,000605,10:40:15,1,24.8,20,49600
2015-12-15,000605,10:40:06,1,24.8,3,7440
2015-12-15,000605,10:40:00,1,24.8,23,57040
2015-12-15,000605,10:39:57,2,24.81,2,4962
2015-12-15,000605,10:39:48,2,24.81,12,29772
2015-12-15,000605,10:39:39,1,24.81,16,39696
2015-12-15,000605,10:39:27,1,24.81,5,12405
2015-12-15,000605,10:39:15,1,24.81,10,24810
2015-12-15,000605,10:39:03,2,24.81,5,12405
2015-12-15,000605,10:38:51,2,24.81,1,2481
2015-12-15,000605,10:38:42,1,24.81,43,106683
2015-12-15,000605,10:38:33,2,24.85,3,7455
2015-12-15,000605,10:38:21,2,24.85,3,7455
2015-12-15,000605,10:38:15,1,24.85,8,19880
2015-12-15,000605,10:37:51,0,24.88,5,12440
2015-12-15,000605,10:37:48,1,24.85,10,24850
2015-12-15,000605,10:37:42,1,24.86,5,12430
2015-12-15,000605,10:37:33,0,24.89,4,9956
2015-12-15,000605,10:37:30,2,24.93,20,49860
2015-12-15,000605,10:37:27,1,24.88,2,4976
2015-12-15,000605,10:37:18,2,24.93,50,124650
2015-12-15,000605,10:37:03,2,24.88,3,7464
2015-12-15,000605,10:37:00,1,24.88,7,17416
2015-12-15,000605,10:36:48,1,24.9,3,7470
2015-12-15,000605,10:36:45,2,24.94,1,2494
2015-12-15,000605,10:35:51,2,24.94,13,32422
2015-12-15,000605,10:35:39,0,24.9,5,12450
2015-12-15,000605,10:35:30,2,24.94,7,17458
2015-12-15,000605,10:34:39,2,24.94,12,29928
2015-12-15,000605,10:34:36,2,24.89,1,2489
2015-12-15,000605,10:34:30,1,24.89,8,19912
2015-12-15,000605,10:33:51,1,24.89,7,17423
2015-12-15,000605,10:33:24,1,24.89,1,2489
2015-12-15,000605,10:33:06,2,24.89,19,47291
2015-12-15,000605,10:33:00,2,24.89,20,49780
2015-12-15,000605,10:32:45,2,24.89,2,4978
2015-12-15,000605,10:32:42,1,24.89,23,57247
2015-12-15,000605,10:32:18,0,24.89,1,2489
2015-12-15,000605,10:31:39,1,24.88,30,74640
2015-12-15,000605,10:31:21,2,24.9,5,12450
2015-12-15,000605,10:31:06,2,24.9,3,7470
2015-12-15,000605,10:31:00,1,24.9,31,77190
2015-12-15,000605,10:30:36,1,24.9,15,37350
2015-12-15,000605,10:30:33,2,24.94,46,114724
2015-12-15,000605,10:30:24,1,24.9,15,37350
2015-12-15,000605,10:30:09,1,24.92,4,9968
2015-12-15,000605,10:30:00,2,24.94,2,4988
2015-12-15,000605,10:29:51,1,24.92,2,4984
2015-12-15,000605,10:29:48,2,24.94,2,4988
2015-12-15,000605,10:29:27,1,24.92,12,29904
2015-12-15,000605,10:29:00,1,24.92,3,7476
2015-12-15,000605,10:28:57,1,24.92,3,7476
2015-12-15,000605,10:28:30,1,24.95,10,24950
2015-12-15,000605,10:28:15,2,24.96,2,4992
2015-12-15,000605,10:27:48,2,24.96,1,2496
2015-12-15,000605,10:27:45,2,24.96,30,74880
2015-12-15,000605,10:27:39,2,24.96,1,2496
2015-12-15,000605,10:27:33,1,24.95,2,4990
2015-12-15,000605,10:27:27,1,24.95,7,17465
2015-12-15,000605,10:27:24,1,24.95,40,99800
2015-12-15,000605,10:27:18,1,24.95,14,34930
2015-12-15,000605,10:27:12,1,24.95,15,37425
2015-12-15,000605,10:27:03,1,24.95,12,29940
2015-12-15,000605,10:26:42,1,24.95,30,74850
2015-12-15,000605,10:26:27,1,24.95,3,7485
2015-12-15,000605,10:26:24,1,24.95,2,4990
2015-12-15,000605,10:26:21,1,24.95,36,89820
2015-12-15,000605,10:26:18,1,24.95,10,24950
2015-12-15,000605,10:26:15,1,24.95,7,17465
2015-12-15,000605,10:26:12,2,24.95,66,164670
2015-12-15,000605,10:26:03,1,24.92,1,2492
2015-12-15,000605,10:26:00,0,24.92,2,4984
2015-12-15,000605,10:25:02,1,24.95,12,29940
2015-12-15,000605,10:24:41,2,24.96,2,4992
2015-12-15,000605,10:24:35,0,24.95,39,97305
2015-12-15,000605,10:24:02,2,24.96,2,4992
2015-12-15,000605,10:23:53,1,24.96,13,32448
2015-12-15,000605,10:23:50,1,24.96,6,14976
2015-12-15,000605,10:23:44,2,24.96,13,32448
2015-12-15,000605,10:23:26,1,24.96,2,4992
2015-12-15,000605,10:23:20,1,24.97,3,7491
2015-12-15,000605,10:23:14,1,24.97,5,12485
2015-12-15,000605,10:23:11,2,24.98,18,44964
2015-12-15,000605,10:23:08,2,24.98,4,9992
2015-12-15,000605,10:22:56,2,24.98,10,24980
2015-12-15,000605,10:22:50,1,24.98,5,12490
2015-12-15,000605,10:22:47,2,24.99,6,14993
2015-12-15,000605,10:22:44,0,24.98,2,4996
2015-12-15,000605,10:22:23,2,24.99,9,22491
2015-12-15,000605,10:22:11,2,24.95,23,57385
2015-12-15,000605,10:22:05,1,24.9,10,24900
2015-12-15,000605,10:22:02,2,24.92,1,2492
2015-12-15,000605,10:21:41,2,24.9,8,19920
2015-12-15,000605,10:21:14,1,24.8,1,2480
2015-12-15,000605,10:20:47,1,24.8,1,2480
2015-12-15,000605,10:20:41,2,24.9,15,37350
2015-12-15,000605,10:20:32,1,24.8,10,24800
2015-12-15,000605,10:20:17,2,24.8,2,4960
2015-12-15,000605,10:20:08,1,24.8,10,24800
2015-12-15,000605,10:19:44,1,24.9,2,4980
2015-12-15,000605,10:19:32,1,24.9,54,134460
2015-12-15,000605,10:19:26,1,24.9,2,4980
2015-12-15,000605,10:19:23,1,24.9,1,2490
2015-12-15,000605,10:19:20,1,24.9,5,12450
2015-12-15,000605,10:19:08,2,24.95,1,2495
2015-12-15,000605,10:19:05,1,24.9,10,24900
2015-12-15,000605,10:19:02,2,24.95,1,2495
2015-12-15,000605,10:18:50,0,24.95,1,2495
2015-12-15,000605,10:18:47,2,24.98,3,7494
2015-12-15,000605,10:18:35,2,24.98,4,9992
2015-12-15,000605,10:18:20,1,24.9,4,9960
2015-12-15,000605,10:18:17,1,24.9,23,57270
2015-12-15,000605,10:18:14,2,24.9,6,14940
2015-12-15,000605,10:18:05,1,24.82,3,7446
2015-12-15,000605,10:17:44,2,24.82,2,4964
2015-12-15,000605,10:17:20,2,24.8,10,24800
2015-12-15,000605,10:17:14,2,24.8,5,12400
2015-12-15,000605,10:16:44,2,24.75,1,2475
2015-12-15,000605,10:16:29,2,24.7,32,79040
2015-12-15,000605,10:16:26,2,24.7,1,2470
2015-12-15,000605,10:16:11,2,24.7,3,7410
2015-12-15,000605,10:15:41,2,24.69,3,7407
2015-12-15,000605,10:15:32,2,24.69,4,9876
2015-12-15,000605,10:15:20,2,24.69,9,22221
2015-12-15,000605,10:15:14,2,24.69,1,2469
2015-12-15,000605,10:15:02,2,24.69,7,17283
2015-12-15,000605,10:14:56,1,24.66,7,17262
2015-12-15,000605,10:14:38,2,24.66,2,4932
2015-12-15,000605,10:14:32,2,24.66,10,24660
2015-12-15,000605,10:14:23,1,24.65,20,49300
2015-12-15,000605,10:14:11,1,24.65,3,7395
2015-12-15,000605,10:14:08,2,24.66,1,2466
2015-12-15,000605,10:14:05,1,24.65,4,9860
2015-12-15,000605,10:14:02,1,24.65,25,61625
2015-12-15,000605,10:13:50,1,24.65,100,246500
2015-12-15,000605,10:13:41,2,24.66,11,27126
2015-12-15,000605,10:13:23,1,24.65,13,32044
2015-12-15,000605,10:13:14,2,24.65,190,470322
2015-12-15,000605,10:13:08,2,24.65,1,2465
2015-12-15,000605,10:13:02,2,24.65,3,7395
2015-12-15,000605,10:12:59,1,24.65,328,809013
2015-12-15,000605,10:12:56,2,24.66,4,9864
2015-12-15,000605,10:12:47,1,24.65,67,165155
2015-12-15,000605,10:12:41,1,24.65,76,187340
2015-12-15,000605,10:12:38,1,24.65,31,76415
2015-12-15,000605,10:12:23,1,24.65,6,14790
2015-12-15,000605,10:12:20,1,24.65,20,49300
2015-12-15,000605,10:12:17,1,24.65,5,12325
2015-12-15,000605,10:12:14,1,24.65,13,32044
2015-12-15,000605,10:12:05,2,24.66,8,19728
2015-12-15,000605,10:12:02,1,24.65,94,231710
2015-12-15,000605,10:11:59,2,24.66,20,49320
2015-12-15,000605,10:11:53,1,24.65,10,24650
2015-12-15,000605,10:11:47,1,24.65,8,19720
2015-12-15,000605,10:11:35,1,24.65,21,51765
2015-12-15,000605,10:11:32,1,24.65,10,24650
2015-12-15,000605,10:11:23,1,24.65,4,9860
2015-12-15,000605,10:11:20,1,24.65,188,464874
2015-12-15,000605,10:11:17,1,24.65,20,49300
2015-12-15,000605,10:11:14,2,24.66,61,150426
2015-12-15,000605,10:11:08,2,24.66,50,123300
2015-12-15,000605,10:10:59,1,24.65,5,12325
2015-12-15,000605,10:10:56,1,24.65,100,246500
2015-12-15,000605,10:10:50,1,24.65,16,39440
2015-12-15,000605,10:10:47,2,24.66,27,66582
2015-12-15,000605,10:10:41,1,24.65,4,9860
2015-12-15,000605,10:10:26,1,24.65,5,12325
2015-12-15,000605,10:10:17,2,24.66,1,2466
2015-12-15,000605,10:10:14,2,24.66,35,86310
2015-12-15,000605,10:09:38,2,24.66,5,12330
2015-12-15,000605,10:09:26,1,24.66,37,91242
2015-12-15,000605,10:09:14,1,24.66,12,29592
2015-12-15,000605,10:09:08,2,24.69,6,14814
2015-12-15,000605,10:09:05,2,24.66,8,19728
2015-12-15,000605,10:09:02,1,24.65,172,423980
2015-12-15,000605,10:08:56,1,24.65,1,2465
2015-12-15,000605,10:08:53,1,24.65,10,24650
2015-12-15,000605,10:08:38,2,24.66,120,295920
2015-12-15,000605,10:08:23,1,24.65,11,27115
2015-12-15,000605,10:08:14,1,24.66,28,69048
2015-12-15,000605,10:08:11,1,24.66,10,24660
2015-12-15,000605,10:07:56,2,24.66,63,155358
2015-12-15,000605,10:07:44,1,24.65,17,41905
2015-12-15,000605,10:07:35,1,24.65,16,39440
2015-12-15,000605,10:07:32,1,24.65,41,101065
2015-12-15,000605,10:07:17,1,24.65,7,17255
2015-12-15,000605,10:07:14,1,24.65,6,14790
2015-12-15,000605,10:07:05,1,24.65,123,303712
2015-12-15,000605,10:06:38,1,24.65,9,22185
2015-12-15,000605,10:06:32,1,24.65,9,22185
2015-12-15,000605,10:06:23,1,24.65,3,7395
2015-12-15,000605,10:06:17,2,24.68,19,46892
2015-12-15,000605,10:05:59,1,24.65,9,22185
2015-12-15,000605,10:05:56,2,24.68,10,24680
2015-12-15,000605,10:05:53,2,24.66,1,2466
2015-12-15,000605,10:05:47,1,24.65,23,56695
2015-12-15,000605,10:05:32,1,24.65,108,266220
2015-12-15,000605,10:05:22,2,24.67,15,37005
2015-12-15,000605,10:05:19,1,24.67,7,17269
2015-12-15,000605,10:05:16,2,24.68,5,12340
2015-12-15,000605,10:05:04,1,24.67,6,14802
2015-12-15,000605,10:04:55,1,24.67,1,2467
2015-12-15,000605,10:04:49,2,24.67,3,7401
2015-12-15,000605,10:04:31,2,24.67,1,2467
2015-12-15,000605,10:04:28,0,24.68,18,44424
2015-12-15,000605,10:04:10,1,24.66,1,2466
2015-12-15,000605,10:04:07,1,24.65,10,24650
2015-12-15,000605,10:04:04,1,24.65,198,488070
2015-12-15,000605,10:04:01,2,24.66,10,24660
2015-12-15,000605,10:03:58,2,24.66,11,27126
2015-12-15,000605,10:03:55,2,24.66,11,27126
2015-12-15,000605,10:03:49,2,24.66,5,12330
2015-12-15,000605,10:03:46,1,24.65,2,4930
2015-12-15,000605,10:03:43,1,24.65,44,108460
2015-12-15,000605,10:03:40,2,24.66,54,133164
2015-12-15,000605,10:03:34,2,24.66,18,44388
2015-12-15,000605,10:03:31,2,24.66,8,19728
2015-12-15,000605,10:03:25,1,24.65,51,125715
2015-12-15,000605,10:03:22,2,24.66,2,4932
2015-12-15,000605,10:03:19,1,24.65,10,24650
2015-12-15,000605,10:03:16,1,24.65,148,364820
2015-12-15,000605,10:03:10,1,24.65,11,27115
2015-12-15,000605,10:03:07,2,24.65,18,44370
2015-12-15,000605,10:03:04,1,24.51,3,7353
2015-12-15,000605,10:03:01,2,24.59,5,12295
2015-12-15,000605,10:02:52,1,24.59,301,740159
2015-12-15,000605,10:02:49,2,24.6,25,61500
2015-12-15,000605,10:02:46,1,24.51,2,4902
2015-12-15,000605,10:02:40,0,24.6,8,19680
2015-12-15,000605,10:02:34,1,24.5,497,1218997
2015-12-15,000605,10:02:28,1,24.6,38,94587
2015-12-15,000605,10:02:25,2,24.62,3,7386
2015-12-15,000605,10:02:19,1,24.6,17,41820
2015-12-15,000605,10:02:13,1,24.6,10,24600
2015-12-15,000605,10:02:10,2,24.64,3,7392
2015-12-15,000605,10:02:07,1,24.64,9,22176
2015-12-15,000605,10:01:58,1,24.62,21,51702
2015-12-15,000605,10:01:55,1,24.65,1,2465
2015-12-15,000605,10:01:49,2,24.65,1,2465
2015-12-15,000605,10:01:46,1,24.65,386,951490
2015-12-15,000605,10:01:37,1,24.65,10,24650
2015-12-15,000605,10:01:34,1,24.65,1,2465
2015-12-15,000605,10:01:28,1,24.65,2,4930
2015-12-15,000605,10:01:22,1,24.65,3,7395
2015-12-15,000605,10:01:16,1,24.65,6,14790
2015-12-15,000605,10:01:13,1,24.65,1,2465
2015-12-15,000605,10:01:04,2,24.66,15,36990
2015-12-15,000605,10:00:58,1,24.65,5,12325
2015-12-15,000605,10:00:52,2,24.66,7,17262
2015-12-15,000605,10:00:49,1,24.66,24,59184
2015-12-15,000605,10:00:40,1,24.65,101,248965
2015-12-15,000605,10:00:31,2,24.66,202,498132
2015-12-15,000605,10:00:22,2,24.66,5,12330
2015-12-15,000605,10:00:19,1,24.65,10,24650
2015-12-15,000605,10:00:13,0,24.67,4,9868
2015-12-15,000605,10:00:10,1,24.65,20,49300
2015-12-15,000605,10:00:04,2,24.69,4,9876
2015-12-15,000605,09:59:55,1,24.65,200,493000
2015-12-15,000605,09:59:52,1,24.65,3,7395
2015-12-15,000605,09:59:49,2,24.69,1,2469
2015-12-15,000605,09:59:46,1,24.65,6,14790
2015-12-15,000605,09:59:40,1,24.65,5,12325
2015-12-15,000605,09:59:34,1,24.65,182,448630
2015-12-15,000605,09:59:31,1,24.7,98,242060
2015-12-15,000605,09:59:22,1,24.7,3,7410
2015-12-15,000605,09:59:16,2,24.74,5,12370
2015-12-15,000605,09:59:10,1,24.65,9,22185
2015-12-15,000605,09:59:04,2,24.7,3,7410
2015-12-15,000605,09:59:01,1,24.65,1,2465
2015-12-15,000605,09:58:46,1,24.65,30,73950
2015-12-15,000605,09:58:43,2,24.7,20,49400
2015-12-15,000605,09:58:40,1,24.65,12,29580
2015-12-15,000605,09:58:31,1,24.65,250,616250
2015-12-15,000605,09:58:19,2,24.7,51,125970
2015-12-15,000605,09:58:13,0,24.69,3,7407
2015-12-15,000605,09:58:10,2,24.7,9,22230
2015-12-15,000605,09:58:04,1,24.69,10,24690
2015-12-15,000605,09:57:58,2,24.69,5,12345
2015-12-15,000605,09:57:52,1,24.65,3,7395
2015-12-15,000605,09:57:49,2,24.65,56,138040
2015-12-15,000605,09:57:46,1,24.62,166,408692
2015-12-15,000605,09:57:37,1,24.65,4,9860
2015-12-15,000605,09:57:28,1,24.62,7,17234
2015-12-15,000605,09:57:25,2,24.65,19,48190
2015-12-15,000605,09:57:19,2,24.65,12,29580
2015-12-15,000605,09:57:16,2,24.65,1,2465
2015-12-15,000605,09:57:10,1,24.65,2,6039
2015-12-15,000605,09:57:04,2,24.65,1,3820
2015-12-15,000605,09:57:01,1,24.65,398,982179
2015-12-15,000605,09:56:49,1,24.65,153,377145
2015-12-15,000605,09:56:46,0,24.7,18,44460
2015-12-15,000605,09:56:43,2,24.7,21,51870
2015-12-15,000605,09:56:37,1,24.67,5,12335
2015-12-15,000605,09:56:34,0,24.69,1,2469
2015-12-15,000605,09:56:28,1,24.65,15,36975
2015-12-15,000605,09:56:25,2,24.69,7,17283
2015-12-15,000605,09:56:22,2,24.69,20,49380
2015-12-15,000605,09:56:19,2,24.69,61,150609
2015-12-15,000605,09:56:13,1,24.65,6,14790
2015-12-15,000605,09:56:07,1,24.65,25,61625
2015-12-15,000605,09:56:04,2,24.69,10,24690
2015-12-15,000605,09:56:01,1,24.65,6,14790
2015-12-15,000605,09:55:58,1,24.65,3,7395
2015-12-15,000605,09:55:49,0,24.68,10,24680
2015-12-15,000605,09:55:43,2,24.69,361,891309
2015-12-15,000605,09:55:40,1,24.69,50,123450
2015-12-15,000605,09:55:37,2,24.7,66,163020
2015-12-15,000605,09:55:31,2,24.7,5,12350
2015-12-15,000605,09:55:25,1,24.7,12,29640
2015-12-15,000605,09:55:19,1,24.7,29,71630
2015-12-15,000605,09:55:10,0,24.7,18,44460
2015-12-15,000605,09:55:07,2,24.71,2,4942
2015-12-15,000605,09:55:04,2,24.71,7,17297
2015-12-15,000605,09:54:58,1,24.7,16,39520
2015-12-15,000605,09:54:55,2,24.71,7,17297
2015-12-15,000605,09:54:52,2,24.71,25,61775
2015-12-15,000605,09:54:49,0,24.72,4,9888
2015-12-15,000605,09:54:40,0,24.73,5,12365
2015-12-15,000605,09:54:34,2,24.73,8,19784
2015-12-15,000605,09:54:28,2,24.73,20,49460
2015-12-15,000605,09:54:22,1,24.71,23,56833
2015-12-15,000605,09:54:19,2,24.77,5,12385
2015-12-15,000605,09:54:07,2,24.73,9,22257
2015-12-15,000605,09:54:04,2,24.73,10,24730
2015-12-15,000605,09:54:01,1,24.66,133,327978
2015-12-15,000605,09:53:55,2,24.73,3,7419
2015-12-15,000605,09:53:46,2,24.71,2,4942
2015-12-15,000605,09:53:43,2,24.71,2,4942
2015-12-15,000605,09:53:40,2,24.71,1,2471
2015-12-15,000605,09:53:34,0,24.71,10,24710
2015-12-15,000605,09:53:25,1,24.65,53,130644
2015-12-15,000605,09:53:22,2,24.73,5,12365
2015-12-15,000605,09:53:19,1,24.65,382,941630
2015-12-15,000605,09:53:13,1,24.71,5,12355
2015-12-15,000605,09:53:10,2,24.71,22,54362
2015-12-15,000605,09:53:01,1,24.7,42,103740
2015-12-15,000605,09:52:58,2,24.7,36,90278
2015-12-15,000605,09:52:55,2,24.69,126,311094
2015-12-15,000605,09:52:52,2,24.69,5,12345
2015-12-15,000605,09:52:46,2,24.69,6,14814
2015-12-15,000605,09:52:43,1,24.69,69,171472
2015-12-15,000605,09:52:37,2,24.71,206,509026
2015-12-15,000605,09:52:34,1,24.7,10,24700
2015-12-15,000605,09:52:31,2,24.7,21,53228
2015-12-15,000605,09:52:28,2,24.7,3,7410
2015-12-15,000605,09:52:19,2,24.7,21,51870
2015-12-15,000605,09:52:16,1,24.69,57,142115
2015-12-15,000605,09:52:10,2,24.72,1,2472
2015-12-15,000605,09:52:07,0,24.72,22,54384
2015-12-15,000605,09:51:58,2,24.73,58,143434
2015-12-15,000605,09:51:55,1,24.71,20,49420
2015-12-15,000605,09:51:43,1,24.71,19,46949
2015-12-15,000605,09:51:37,2,24.72,46,114799
2015-12-15,000605,09:51:34,2,24.7,25,63133
2015-12-15,000605,09:51:31,1,24.69,20,49380
2015-12-15,000605,09:51:28,1,24.69,19,46911
2015-12-15,000605,09:51:25,2,24.7,3,7410
2015-12-15,000605,09:51:22,0,24.7,28,70246
2015-12-15,000605,09:51:19,1,24.7,32,79040
2015-12-15,000605,09:51:16,1,24.7,16,39520
2015-12-15,000605,09:51:13,1,24.7,2,4940
2015-12-15,000605,09:51:01,1,24.7,106,261820
2015-12-15,000605,09:50:58,1,24.75,12,29700
2015-12-15,000605,09:50:52,2,24.78,10,24780
2015-12-15,000605,09:50:49,1,24.73,8,19784
2015-12-15,000605,09:50:37,2,24.8,21,52080
2015-12-15,000605,09:50:31,1,24.73,18,44514
2015-12-15,000605,09:50:28,1,24.8,13,32240
2015-12-15,000605,09:50:25,1,24.8,155,384400
2015-12-15,000605,09:50:22,1,24.8,47,116560
2015-12-15,000605,09:50:16,1,24.8,29,71920
2015-12-15,000605,09:50:13,2,24.81,1,2481
2015-12-15,000605,09:50:07,1,24.8,11,27280
2015-12-15,000605,09:50:04,2,24.81,5,12405
2015-12-15,000605,09:50:01,1,24.81,1,2481
2015-12-15,000605,09:49:58,2,24.81,5,12405
2015-12-15,000605,09:49:55,2,24.82,25,62050
2015-12-15,000605,09:49:52,1,24.81,7,17367
2015-12-15,000605,09:49:40,2,24.82,15,37230
2015-12-15,000605,09:49:37,1,24.81,17,42177
2015-12-15,000605,09:49:31,1,24.82,77,191114
2015-12-15,000605,09:49:28,2,24.83,10,24830
2015-12-15,000605,09:49:19,1,24.83,38,94354
2015-12-15,000605,09:49:16,2,24.84,2,4968
2015-12-15,000605,09:49:13,2,24.84,2,4968
2015-12-15,000605,09:49:07,1,24.85,14,37001
2015-12-15,000605,09:49:01,2,24.86,15,37563
2015-12-15,000605,09:48:55,1,24.86,74,186176
2015-12-15,000605,09:48:43,1,24.87,12,29844
2015-12-15,000605,09:48:37,1,24.87,24,59688
2015-12-15,000605,09:48:34,2,24.88,5,12440
2015-12-15,000605,09:48:07,0,24.88,31,77128
2015-12-15,000605,09:47:49,1,24.9,66,164340
2015-12-15,000605,09:47:46,2,25.0,65,162500
2015-12-15,000605,09:47:40,1,24.9,2,4980
2015-12-15,000605,09:47:31,1,24.87,56,139272
2015-12-15,000605,09:47:25,2,24.87,3,7734
2015-12-15,000605,09:47:19,2,24.87,5,12435
2015-12-15,000605,09:47:12,1,24.87,0,2213
2015-12-15,000605,09:47:09,1,24.86,46,114356
2015-12-15,000605,09:47:03,1,24.88,42,106585
2015-12-15,000605,09:46:57,2,24.9,9,22808
2015-12-15,000605,09:46:54,2,24.87,16,39792
2015-12-15,000605,09:46:51,1,24.86,0,273
2015-12-15,000605,09:46:48,2,24.9,32,79680
2015-12-15,000605,09:46:45,1,24.87,71,176577
2015-12-15,000605,09:46:36,1,24.88,67,168910
2015-12-15,000605,09:46:15,1,24.91,45,112095
2015-12-15,000605,09:45:54,2,25.01,22,55022
2015-12-15,000605,09:45:39,1,24.91,14,34874
2015-12-15,000605,09:45:36,1,24.91,5,12455
2015-12-15,000605,09:45:27,2,25.0,4,10000
2015-12-15,000605,09:45:24,2,25.0,21,52500
2015-12-15,000605,09:45:21,1,24.89,36,89604
2015-12-15,000605,09:45:09,1,24.9,2,4980
2015-12-15,000605,09:45:06,1,24.9,7,17430
2015-12-15,000605,09:45:03,1,24.9,9,22410
2015-12-15,000605,09:45:00,1,24.9,3,7470
2015-12-15,000605,09:44:54,1,24.9,12,29880
2015-12-15,000605,09:44:42,1,24.9,34,84660
2015-12-15,000605,09:44:33,1,24.89,55,136895
2015-12-15,000605,09:44:27,0,25.01,10,25010
2015-12-15,000605,09:44:12,2,25.02,18,45036
2015-12-15,000605,09:44:00,1,25.02,4,10008
2015-12-15,000605,09:43:51,1,25.02,46,115092
2015-12-15,000605,09:43:48,2,25.06,8,20048
2015-12-15,000605,09:43:42,2,25.06,2,5012
2015-12-15,000605,09:43:39,1,25.06,5,12530
2015-12-15,000605,09:43:36,1,25.06,2,5012
2015-12-15,000605,09:43:24,2,25.08,3,7523
2015-12-15,000605,09:43:18,1,25.06,5,12530
2015-12-15,000605,09:43:00,2,25.06,23,57638
2015-12-15,000605,09:42:42,1,25.01,32,80032
2015-12-15,000605,09:42:39,2,25.06,8,20048
2015-12-15,000605,09:42:33,1,25.06,21,52626
2015-12-15,000605,09:42:24,1,25.06,10,25060
2015-12-15,000605,09:42:15,2,25.06,1,2506
2015-12-15,000605,09:42:09,1,25.06,9,22554
2015-12-15,000605,09:42:06,1,25.06,2,5012
2015-12-15,000605,09:42:03,2,25.07,18,45126
2015-12-15,000605,09:41:57,2,25.06,10,25060
2015-12-15,000605,09:41:51,2,25.01,7,17507
2015-12-15,000605,09:41:36,2,25.01,1,2501
2015-12-15,000605,09:41:33,1,25.01,31,77531
2015-12-15,000605,09:41:24,1,25.01,5,12505
2015-12-15,000605,09:41:18,2,25.06,10,25060
2015-12-15,000605,09:41:06,1,25.0,17,42500
2015-12-15,000605,09:41:03,1,25.0,10,25000
2015-12-15,000605,09:41:00,1,25.0,6,15000
2015-12-15,000605,09:40:57,2,25.0,11,27500
2015-12-15,000605,09:40:51,1,24.89,18,44802
2015-12-15,000605,09:40:24,2,24.89,1,2489
2015-12-15,000605,09:40:15,2,24.89,82,204098
2015-12-15,000605,09:40:09,1,24.88,16,39808
2015-12-15,000605,09:40:03,1,24.88,21,52248
2015-12-15,000605,09:40:00,1,24.88,6,14928
2015-12-15,000605,09:39:57,1,24.88,1,2488
2015-12-15,000605,09:39:54,2,24.88,12,30129
2015-12-15,000605,09:39:51,1,24.87,60,149220
2015-12-15,000605,09:39:42,1,24.88,16,42022
2015-12-15,000605,09:39:39,1,24.88,12,29856
2015-12-15,000605,09:39:30,1,24.89,17,42313
2015-12-15,000605,09:39:24,2,25.0,30,75000
2015-12-15,000605,09:39:12,1,24.89,4,9956
2015-12-15,000605,09:38:54,1,24.89,2,4978
2015-12-15,000605,09:38:51,1,24.88,20,49760
2015-12-15,000605,09:38:36,1,24.9,4,9960
2015-12-15,000605,09:38:30,2,24.9,43,107343
2015-12-15,000605,09:38:24,1,24.87,51,126837
2015-12-15,000605,09:38:21,1,24.87,54,134298
2015-12-15,000605,09:38:09,1,24.88,22,56950
2015-12-15,000605,09:37:57,1,24.88,2,4976
2015-12-15,000605,09:37:54,1,24.88,34,84592
2015-12-15,000605,09:37:51,0,24.89,15,37335
2015-12-15,000605,09:37:42,1,24.88,36,89568
2015-12-15,000605,09:37:27,1,24.88,72,179409
2015-12-15,000605,09:37:09,1,25.0,6,17225
2015-12-15,000605,09:37:00,2,25.01,8,20008
2015-12-15,000605,09:36:57,1,25.0,10,25000
2015-12-15,000605,09:36:45,1,25.0,26,65000
2015-12-15,000605,09:36:42,1,25.0,8,20000
2015-12-15,000605,09:36:30,1,25.01,2,5002
2015-12-15,000605,09:36:09,2,25.07,2,5014
2015-12-15,000605,09:36:00,2,25.07,15,37605
2015-12-15,000605,09:35:54,2,25.07,1,2507
2015-12-15,000605,09:35:33,1,25.09,9,22581
2015-12-15,000605,09:35:27,2,25.09,1,2509
2015-12-15,000605,09:35:24,2,25.09,8,20072
2015-12-15,000605,09:35:06,1,25.0,4,10000
2015-12-15,000605,09:35:03,1,25.0,6,15000
2015-12-15,000605,09:34:45,1,25.0,3,7500
2015-12-15,000605,09:34:39,2,25.0,7,17775
2015-12-15,000605,09:34:15,1,25.0,22,57225
2015-12-15,000605,09:34:12,2,25.16,5,12580
2015-12-15,000605,09:34:09,2,25.09,99,248391
2015-12-15,000605,09:33:57,2,25.09,6,15054
2015-12-15,000605,09:33:33,2,25.03,11,27533
2015-12-15,000605,09:33:30,1,25.02,64,160128
2015-12-15,000605,09:33:27,2,25.03,11,27533
2015-12-15,000605,09:33:18,1,25.02,8,20016
2015-12-15,000605,09:33:09,1,25.02,2,5004
2015-12-15,000605,09:33:03,1,25.02,45,112590
2015-12-15,000605,09:33:00,2,25.03,16,40048
2015-12-15,000605,09:32:54,1,25.0,9,22500
2015-12-15,000605,09:32:51,1,25.0,17,42500
2015-12-15,000605,09:32:45,1,25.0,8,20000
2015-12-15,000605,09:32:39,2,25.01,8,20008
2015-12-15,000605,09:32:21,1,25.01,78,195078
2015-12-15,000605,09:32:12,1,25.05,28,70140
2015-12-15,000605,09:32:09,1,25.05,1,2505
2015-12-15,000605,09:32:03,2,25.05,3,7515
2015-12-15,000605,09:31:51,1,25.01,15,37515
2015-12-15,000605,09:31:42,2,25.05,12,30060
2015-12-15,000605,09:31:39,2,25.05,2,5010
2015-12-15,000605,09:31:36,2,25.09,6,15054
2015-12-15,000605,09:31:33,1,25.05,14,35070
2015-12-15,000605,09:31:21,1,25.02,10,25020
2015-12-15,000605,09:31:06,0,25.02,1,2502
2015-12-15,000605,09:30:09,1,25.0,10,25000
2015-12-15,000605,09:30:06,2,25.0,87,217775
2015-12-15,000605,09:30:03,1,24.86,3,7458
2015-12-15,000605,09:25:02,2,24.99,8,19992
2015-12-14,000605,15:00:20,2,24.93,632,1575576
2015-12-14,000605,14:56:49,2,24.91,1,2491
2015-12-14,000605,14:56:46,1,24.91,3,7473
2015-12-14,000605,14:56:43,2,24.92,2,4984
2015-12-14,000605,14:56:40,1,24.91,26,64766
2015-12-14,000605,14:56:34,0,24.92,7,17444
2015-12-14,000605,14:56:25,1,24.91,32,79712
2015-12-14,000605,14:56:22,2,24.93,3,7479
2015-12-14,000605,14:56:19,2,24.93,5,12465
2015-12-14,000605,14:56:13,1,24.93,9,22437
2015-12-14,000605,14:56:07,1,24.93,28,69804
2015-12-14,000605,14:55:58,1,24.92,7,17444
2015-12-14,000605,14:55:52,2,24.94,190,473860
2015-12-14,000605,14:55:49,1,24.92,112,279104
2015-12-14,000605,14:55:43,2,24.94,8,19952
2015-12-14,000605,14:55:40,1,24.92,57,142044
2015-12-14,000605,14:55:37,2,24.95,22,54890
2015-12-14,000605,14:55:19,1,24.93,12,29916
2015-12-14,000605,14:55:10,2,24.95,5,12475
2015-12-14,000605,14:54:58,1,24.95,1,2495
2015-12-14,000605,14:54:46,2,24.95,11,27445
2015-12-14,000605,14:54:34,1,24.92,1,2492
2015-12-14,000605,14:54:31,1,24.95,19,47405
2015-12-14,000605,14:54:28,0,24.92,5,12460
2015-12-14,000605,14:54:25,1,24.91,73,181843
2015-12-14,000605,14:54:22,1,24.91,100,249100
2015-12-14,000605,14:54:19,1,24.91,10,24910
2015-12-14,000605,14:54:13,2,24.95,2,4990
2015-12-14,000605,14:54:10,1,24.91,100,249100
2015-12-14,000605,14:54:04,1,24.92,2,4984
2015-12-14,000605,14:53:58,1,24.92,8,19936
2015-12-14,000605,14:53:49,2,24.95,40,99800
2015-12-14,000605,14:53:46,1,24.91,26,64766
2015-12-14,000605,14:53:37,0,24.91,132,328812
2015-12-14,000605,14:53:28,1,24.9,400,996000
2015-12-14,000605,14:53:25,2,24.95,6,14970
2015-12-14,000605,14:53:19,1,24.91,47,117077
2015-12-14,000605,14:53:01,1,24.91,10,24910
2015-12-14,000605,14:52:58,2,24.95,3,7485
2015-12-14,000605,14:52:55,1,24.91,50,124550
2015-12-14,000605,14:52:52,2,24.95,5,12475
2015-12-14,000605,14:52:46,0,24.94,3,7482
2015-12-14,000605,14:52:37,2,24.99,58,144942
2015-12-14,000605,14:52:28,1,24.94,1,2494
2015-12-14,000605,14:52:25,2,24.95,8,19960
2015-12-14,000605,14:52:19,2,24.94,4,9976
2015-12-14,000605,14:52:16,1,24.91,44,109604
2015-12-14,000605,14:52:04,1,24.94,43,107242
2015-12-14,000605,14:52:01,1,24.94,23,57362
2015-12-14,000605,14:51:49,1,24.94,45,112230
2015-12-14,000605,14:51:46,1,24.94,3,7482
2015-12-14,000605,14:51:43,2,24.94,10,24940
2015-12-14,000605,14:51:28,1,24.9,77,191730
2015-12-14,000605,14:51:22,0,24.94,10,24940
2015-12-14,000605,14:51:19,1,24.96,16,39936
2015-12-14,000605,14:51:16,2,25.0,36,90000
2015-12-14,000605,14:51:13,1,24.95,8,19960
2015-12-14,000605,14:51:10,2,24.98,2,4996
2015-12-14,000605,14:51:07,0,24.95,6,14970
2015-12-14,000605,14:51:01,1,24.86,739,1837154
2015-12-14,000605,14:50:55,2,25.0,5,12500
2015-12-14,000605,14:50:10,2,24.94,3,7482
2015-12-14,000605,14:50:07,2,24.94,5,12470
2015-12-14,000605,14:50:04,1,24.94,27,67338
2015-12-14,000605,14:49:49,1,24.94,30,74820
2015-12-14,000605,14:49:43,2,25.0,15,37500
2015-12-14,000605,14:49:34,2,25.0,18,45000
2015-12-14,000605,14:49:31,2,24.99,1,2499
2015-12-14,000605,14:49:10,2,24.96,20,49920
2015-12-14,000605,14:49:07,1,24.95,4,9980
2015-12-14,000605,14:49:01,1,24.95,43,107285
2015-12-14,000605,14:48:58,1,24.95,11,27445
2015-12-14,000605,14:48:55,2,24.96,4,9984
2015-12-14,000605,14:48:52,2,24.96,12,29952
2015-12-14,000605,14:48:46,1,24.95,2,4990
2015-12-14,000605,14:48:37,0,24.96,1,2496
2015-12-14,000605,14:48:10,1,24.94,23,58808
2015-12-14,000605,14:47:58,1,25.0,20,50000
2015-12-14,000605,14:47:40,1,25.04,27,67608
2015-12-14,000605,14:47:22,2,25.08,35,87780
2015-12-14,000605,14:47:13,1,25.06,5,12530
2015-12-14,000605,14:47:01,1,25.08,199,499091
2015-12-14,000605,14:46:49,2,25.1,20,50200
2015-12-14,000605,14:46:43,1,25.09,8,20072
2015-12-14,000605,14:46:37,1,25.09,7,17563
2015-12-14,000605,14:46:22,2,25.1,2,5020
2015-12-14,000605,14:46:07,0,25.09,2,5018
2015-12-14,000605,14:46:01,1,25.08,20,50160
2015-12-14,000605,14:45:52,1,25.09,5,12545
2015-12-14,000605,14:45:49,2,25.1,1,2510
2015-12-14,000605,14:45:25,1,25.1,20,50200
2015-12-14,000605,14:45:16,1,25.1,48,120480
2015-12-14,000605,14:45:10,2,25.15,35,88025
2015-12-14,000605,14:45:04,1,25.15,15,37725
2015-12-14,000605,14:44:58,1,25.17,6,15102
2015-12-14,000605,14:44:55,2,25.17,18,45306
2015-12-14,000605,14:44:40,1,25.17,5,12585
2015-12-14,000605,14:44:25,1,25.17,2,5034
2015-12-14,000605,14:44:22,0,25.17,2,5034
2015-12-14,000605,14:43:58,2,25.19,14,35266
2015-12-14,000605,14:43:49,1,25.1,1,2510
2015-12-14,000605,14:43:46,2,25.15,9,22635
2015-12-14,000605,14:43:37,1,25.1,6,15060
2015-12-14,000605,14:43:31,1,25.1,10,25100
2015-12-14,000605,14:43:07,2,25.15,10,25150
2015-12-14,000605,14:43:04,2,25.15,6,15090
2015-12-14,000605,14:42:49,2,25.15,60,150900
2015-12-14,000605,14:42:40,2,25.15,20,50300
2015-12-14,000605,14:42:28,2,25.15,28,70420
2015-12-14,000605,14:42:22,2,25.14,4,10056
2015-12-14,000605,14:42:13,1,25.14,3,7542
2015-12-14,000605,14:42:07,1,25.14,9,22626
2015-12-14,000605,14:42:04,2,25.15,5,12575
2015-12-14,000605,14:41:55,1,25.14,2,5028
2015-12-14,000605,14:41:43,1,25.14,5,12570
2015-12-14,000605,14:41:40,1,25.14,2,5028
2015-12-14,000605,14:41:31,1,25.14,11,27654
2015-12-14,000605,14:41:25,1,25.14,2,5028
2015-12-14,000605,14:41:16,1,25.14,2,5028
2015-12-14,000605,14:40:58,1,25.14,16,40224
2015-12-14,000605,14:40:52,1,25.14,2,5028
2015-12-14,000605,14:40:46,2,25.13,7,17591
2015-12-14,000605,14:40:43,2,25.13,5,12565
2015-12-14,000605,14:40:37,2,25.13,6,15078
2015-12-14,000605,14:40:25,2,25.13,17,42721
2015-12-14,000605,14:40:16,2,25.13,2,5026
2015-12-14,000605,14:39:58,1,25.13,1,2513
2015-12-14,000605,14:39:55,1,25.13,5,12565
2015-12-14,000605,14:39:52,1,25.13,2,5026
2015-12-14,000605,14:39:28,1,25.13,4,10052
2015-12-14,000605,14:39:16,2,25.17,5,12585
2015-12-14,000605,14:39:07,1,25.17,3,7551
2015-12-14,000605,14:38:52,1,25.2,11,27720
2015-12-14,000605,14:38:43,1,25.2,5,12600
2015-12-14,000605,14:38:31,0,25.23,1,2523
2015-12-14,000605,14:38:22,2,25.24,35,88340
2015-12-14,000605,14:38:16,1,25.2,5,12600
2015-12-14,000605,14:38:13,1,25.2,34,85680
2015-12-14,000605,14:38:03,1,25.2,140,352800
2015-12-14,000605,14:38:00,2,25.23,20,50460
2015-12-14,000605,14:37:51,1,25.21,22,55462
2015-12-14,000605,14:37:36,1,25.2,10,25200
2015-12-14,000605,14:37:33,1,25.21,10,25210
2015-12-14,000605,14:37:27,2,25.21,6,15126
2015-12-14,000605,14:37:24,2,25.21,3,7563
2015-12-14,000605,14:37:21,2,25.21,5,12605
2015-12-14,000605,14:37:12,1,25.2,6,15120
2015-12-14,000605,14:37:09,2,25.2,67,168840
2015-12-14,000605,14:37:03,1,25.16,80,201280
2015-12-14,000605,14:37:00,2,25.17,1,2517
2015-12-14,000605,14:36:57,2,25.17,3,7551
2015-12-14,000605,14:36:54,2,25.17,16,40272
2015-12-14,000605,14:36:45,2,25.16,35,88060
2015-12-14,000605,14:36:42,2,25.16,6,15096
2015-12-14,000605,14:36:39,2,25.16,6,15096
2015-12-14,000605,14:36:27,2,25.16,20,50320
2015-12-14,000605,14:36:24,2,25.15,1,2515
2015-12-14,000605,14:36:18,2,25.15,25,62875
2015-12-14,000605,14:36:06,2,25.13,21,52773
2015-12-14,000605,14:35:57,1,25.12,10,25120
2015-12-14,000605,14:35:54,2,25.12,1,2512
2015-12-14,000605,14:35:48,2,25.1,24,60240
2015-12-14,000605,14:35:45,2,25.1,8,20080
2015-12-14,000605,14:35:36,2,25.1,91,228410
2015-12-14,000605,14:35:33,2,25.1,4,10040
2015-12-14,000605,14:35:27,2,25.1,1,2510
2015-12-14,000605,14:35:24,2,25.1,28,70280
2015-12-14,000605,14:35:09,2,25.1,12,30120
2015-12-14,000605,14:35:03,2,25.1,10,25100
2015-12-14,000605,14:34:57,2,25.1,13,32630
2015-12-14,000605,14:34:39,2,25.1,143,358930
2015-12-14,000605,14:34:36,1,25.06,30,75180
2015-12-14,000605,14:34:30,2,25.07,20,50140
2015-12-14,000605,14:34:27,2,25.07,16,40112
2015-12-14,000605,14:34:21,1,25.06,1,2506
2015-12-14,000605,14:34:12,2,25.07,4,10028
2015-12-14,000605,14:33:51,1,25.06,5,12530
2015-12-14,000605,14:33:42,2,25.07,43,107801
2015-12-14,000605,14:33:39,2,25.07,6,15042
2015-12-14,000605,14:33:30,2,25.07,20,50140
2015-12-14,000605,14:33:09,2,25.06,7,17542
2015-12-14,000605,14:33:03,2,25.06,8,20048
2015-12-14,000605,14:32:54,1,25.04,4,10016
2015-12-14,000605,14:32:39,2,25.05,29,72645
2015-12-14,000605,14:32:12,2,25.04,10,25040
2015-12-14,000605,14:32:00,1,25.0,5,12500
2015-12-14,000605,14:31:48,1,25.0,37,92500
2015-12-14,000605,14:31:39,1,25.0,19,47500
2015-12-14,000605,14:31:36,1,25.0,10,25000
2015-12-14,000605,14:31:18,2,25.0,1,3550
2015-12-14,000605,14:31:00,2,25.0,5,12500
2015-12-14,000605,14:30:54,2,25.0,1,2500
2015-12-14,000605,14:30:48,1,24.99,2,4998
2015-12-14,000605,14:30:36,2,25.0,1,2500
2015-12-14,000605,14:30:24,2,25.0,12,30000
2015-12-14,000605,14:30:09,0,24.99,5,12495
2015-12-14,000605,14:30:00,2,25.0,15,37500
2015-12-14,000605,14:29:54,1,24.99,2,4998
2015-12-14,000605,14:29:42,2,25.0,5,12500
2015-12-14,000605,14:29:36,2,25.0,1,2500
2015-12-14,000605,14:29:30,1,25.0,67,168950
2015-12-14,000605,14:29:18,2,25.04,8,20032
2015-12-14,000605,14:29:12,2,25.04,10,25040
2015-12-14,000605,14:29:09,1,25.03,3,7509
2015-12-14,000605,14:29:03,2,25.04,6,15024
2015-12-14,000605,14:28:48,2,25.04,4,10016
2015-12-14,000605,14:28:39,1,25.0,3,7500
2015-12-14,000605,14:28:36,2,25.0,8,21050
2015-12-14,000605,14:28:24,2,25.0,2,5000
2015-12-14,000605,14:28:21,2,25.0,5,12500
2015-12-14,000605,14:28:18,1,24.98,5,12490
2015-12-14,000605,14:27:51,2,24.98,3,7494
2015-12-14,000605,14:27:48,1,24.96,20,49920
2015-12-14,000605,14:27:30,2,24.96,4,9984
2015-12-14,000605,14:27:18,1,24.95,1,2495
2015-12-14,000605,14:27:09,2,24.95,4,9980
2015-12-14,000605,14:26:48,2,24.94,3,7482
2015-12-14,000605,14:26:39,1,24.93,7,17451
2015-12-14,000605,14:26:33,2,24.93,23,57339
2015-12-14,000605,14:26:30,1,24.92,5,12460
2015-12-14,000605,14:26:06,2,24.93,18,44874
2015-12-14,000605,14:26:03,2,24.92,18,44856
2015-12-14,000605,14:25:48,0,24.91,14,34874
2015-12-14,000605,14:25:21,1,24.86,18,44748
2015-12-14,000605,14:25:15,2,24.9,4,9960
2015-12-14,000605,14:25:06,2,24.9,2,4980
2015-12-14,000605,14:25:00,1,24.9,4,9960
2015-12-14,000605,14:24:57,2,24.9,9,22410
2015-12-14,000605,14:24:54,1,24.9,1,2490
2015-12-14,000605,14:24:51,1,24.9,2,4980
2015-12-14,000605,14:24:30,2,24.9,27,67230
2015-12-14,000605,14:24:21,1,24.85,18,44730
2015-12-14,000605,14:24:15,2,24.87,5,12435
2015-12-14,000605,14:24:06,1,24.86,19,47234
2015-12-14,000605,14:23:57,2,24.87,23,57201
2015-12-14,000605,14:23:42,1,24.87,13,32331
2015-12-14,000605,14:23:36,2,24.88,2,4976
2015-12-14,000605,14:23:27,2,24.88,2,4976
2015-12-14,000605,14:23:18,2,24.88,11,27368
2015-12-14,000605,14:23:15,2,24.88,5,12440
2015-12-14,000605,14:23:12,1,24.87,54,134298
2015-12-14,000605,14:23:09,1,24.87,3,7461
2015-12-14,000605,14:23:06,1,24.87,2,4974
2015-12-14,000605,14:22:45,1,24.87,3,7461
2015-12-14,000605,14:22:39,2,24.88,3,7464
2015-12-14,000605,14:22:33,1,24.87,6,14922
2015-12-14,000605,14:22:27,1,24.87,5,12435
2015-12-14,000605,14:22:09,2,24.88,7,17416
2015-12-14,000605,14:21:54,2,24.88,30,74640
2015-12-14,000605,14:21:45,1,24.87,6,14922
2015-12-14,000605,14:21:42,2,24.88,1,2488
2015-12-14,000605,14:21:39,1,24.87,10,24870
2015-12-14,000605,14:21:36,2,24.88,5,12440
2015-12-14,000605,14:21:33,2,24.88,30,74640
2015-12-14,000605,14:21:30,1,24.87,10,24870
2015-12-14,000605,14:21:21,1,24.87,20,49740
2015-12-14,000605,14:20:57,2,24.88,1,2488
2015-12-14,000605,14:20:39,1,24.86,10,24860
2015-12-14,000605,14:20:36,2,24.88,6,14928
2015-12-14,000605,14:20:33,2,24.88,5,12440
2015-12-14,000605,14:20:30,2,24.87,5,12435
2015-12-14,000605,14:20:27,1,24.87,63,156681
2015-12-14,000605,14:20:18,2,24.88,21,52248
2015-12-14,000605,14:20:15,2,24.88,4,9952
2015-12-14,000605,14:20:06,2,24.88,19,47272
2015-12-14,000605,14:19:57,2,24.88,5,12440
2015-12-14,000605,14:19:39,2,24.88,27,67176
2015-12-14,000605,14:19:33,2,24.88,10,24880
2015-12-14,000605,14:19:30,1,24.87,6,14922
2015-12-14,000605,14:19:12,2,24.88,4,9952
2015-12-14,000605,14:19:06,1,24.88,106,263728
2015-12-14,000605,14:19:00,2,24.89,10,24890
2015-12-14,000605,14:18:36,2,24.89,59,146851
2015-12-14,000605,14:18:30,2,24.89,27,67203
2015-12-14,000605,14:18:27,2,24.89,40,99560
2015-12-14,000605,14:18:24,2,24.89,20,49780
2015-12-14,000605,14:18:18,1,24.88,20,49760
2015-12-14,000605,14:18:03,2,24.89,2,4978
2015-12-14,000605,14:17:32,2,24.89,30,74670
2015-12-14,000605,14:17:26,1,24.89,45,112005
2015-12-14,000605,14:17:17,2,24.93,20,49860
2015-12-14,000605,14:17:05,0,24.92,3,7476
2015-12-14,000605,14:16:53,1,24.92,7,17444
2015-12-14,000605,14:16:44,2,24.93,49,122157
2015-12-14,000605,14:16:41,2,24.92,5,12460
2015-12-14,000605,14:16:29,1,24.92,5,12460
2015-12-14,000605,14:16:23,0,24.92,8,19936
2015-12-14,000605,14:15:47,1,24.88,6,14928
2015-12-14,000605,14:15:35,2,24.9,13,32369
2015-12-14,000605,14:15:29,2,24.9,2,4980
2015-12-14,000605,14:15:14,1,24.9,5,12450
2015-12-14,000605,14:14:56,1,24.9,2,4980
2015-12-14,000605,14:14:38,1,24.9,2,4980
2015-12-14,000605,14:14:29,2,24.93,2,4986
2015-12-14,000605,14:14:26,2,24.93,3,7479
2015-12-14,000605,14:14:08,2,24.93,3,7479
2015-12-14,000605,14:13:50,2,24.93,22,54846
2015-12-14,000605,14:13:32,2,24.93,1,2493
2015-12-14,000605,14:13:26,0,24.93,7,17451
2015-12-14,000605,14:13:14,2,24.94,10,24940
2015-12-14,000605,14:12:50,2,24.94,1,2494
2015-12-14,000605,14:12:38,1,24.94,16,39904
2015-12-14,000605,14:12:35,1,24.94,2,4988
2015-12-14,000605,14:12:14,2,24.94,9,22446
2015-12-14,000605,14:12:05,1,24.91,10,24910
2015-12-14,000605,14:12:02,2,24.94,1,2494
2015-12-14,000605,14:11:29,1,24.91,5,12455
2015-12-14,000605,14:11:20,1,24.91,15,37365
2015-12-14,000605,14:11:11,1,24.91,15,37365
2015-12-14,000605,14:11:05,2,24.91,8,19928
2015-12-14,000605,14:11:02,1,24.88,107,266216
2015-12-14,000605,14:10:35,1,24.88,26,64688
2015-12-14,000605,14:10:29,2,24.91,1,2491
2015-12-14,000605,14:10:17,1,24.88,1,2488
2015-12-14,000605,14:10:14,1,24.88,15,37320
2015-12-14,000605,14:09:38,0,24.91,1,2491
2015-12-14,000605,14:08:56,1,24.88,15,37320
2015-12-14,000605,14:08:32,1,24.88,20,49760
2015-12-14,000605,14:08:26,1,24.91,1,2491
2015-12-14,000605,14:08:20,2,24.91,8,19928
2015-12-14,000605,14:07:56,1,24.9,21,52290
2015-12-14,000605,14:07:17,1,24.91,2,4982
2015-12-14,000605,14:07:14,2,24.95,1,2495
2015-12-14,000605,14:06:47,2,24.91,2,4982
2015-12-14,000605,14:06:08,1,24.91,10,24910
2015-12-14,000605,14:05:08,2,24.96,5,12480
2015-12-14,000605,14:03:38,2,24.96,4,9984
2015-12-14,000605,14:03:23,1,24.9,8,19920
2015-12-14,000605,14:03:05,2,24.96,7,17472
2015-12-14,000605,14:02:53,1,24.96,17,42432
2015-12-14,000605,14:02:47,2,24.97,4,9988
2015-12-14,000605,14:02:38,1,24.96,1,2496
2015-12-14,000605,14:02:29,1,24.96,1,2496
2015-12-14,000605,14:02:26,1,24.96,10,24960
2015-12-14,000605,14:02:17,2,24.96,27,67392
2015-12-14,000605,14:00:53,0,24.96,15,37440
2015-12-14,000605,14:00:11,0,24.89,1,2489
2015-12-14,000605,14:00:02,1,24.88,5,12440
2015-12-14,000605,13:59:47,1,24.88,4,9952
2015-12-14,000605,13:59:44,2,24.97,8,19976
2015-12-14,000605,13:59:17,1,24.88,5,12440
2015-12-14,000605,13:58:29,1,24.98,30,74940
2015-12-14,000605,13:58:26,2,25.0,42,105000
2015-12-14,000605,13:58:23,2,25.0,1,2500
2015-12-14,000605,13:58:20,1,24.98,5,12490
2015-12-14,000605,13:58:14,2,25.0,20,50000
2015-12-14,000605,13:58:08,1,24.98,7,17486
2015-12-14,000605,13:58:02,2,25.0,17,42500
2015-12-14,000605,13:57:59,1,24.98,7,17486
2015-12-14,000605,13:57:56,1,24.98,2,4996
2015-12-14,000605,13:57:47,1,24.98,23,57454
2015-12-14,000605,13:57:19,1,24.98,5,12490
2015-12-14,000605,13:57:10,1,24.98,10,24980
2015-12-14,000605,13:56:49,1,24.98,12,29976
2015-12-14,000605,13:56:31,1,24.99,2,4998
2015-12-14,000605,13:56:25,2,24.99,35,87465
2015-12-14,000605,13:56:01,1,24.98,20,49960
2015-12-14,000605,13:55:40,2,24.99,32,79968
2015-12-14,000605,13:55:34,1,24.98,5,12490
2015-12-14,000605,13:55:31,1,24.98,1,2498
2015-12-14,000605,13:55:25,2,24.99,10,24990
2015-12-14,000605,13:55:22,2,24.99,5,12495
2015-12-14,000605,13:54:52,2,24.98,5,12490
2015-12-14,000605,13:54:49,1,24.88,2,4976
2015-12-14,000605,13:54:43,1,24.88,20,49760
2015-12-14,000605,13:54:37,2,24.97,4,9988
2015-12-14,000605,13:53:43,2,24.97,8,19976
2015-12-14,000605,13:53:07,2,24.97,14,34958
2015-12-14,000605,13:52:37,0,24.97,7,17479
2015-12-14,000605,13:51:43,2,24.99,9,22491
2015-12-14,000605,13:51:28,0,24.99,2,4998
2015-12-14,000605,13:51:01,2,24.96,2,4992
2015-12-14,000605,13:50:22,1,24.96,31,77376
2015-12-14,000605,13:50:13,2,25.03,9,22527
2015-12-14,000605,13:50:07,2,25.03,8,20024
2015-12-14,000605,13:50:04,0,25.03,3,7509
2015-12-14,000605,13:49:04,2,25.0,5,12500
2015-12-14,000605,13:48:31,2,25.0,2,5000
2015-12-14,000605,13:48:25,2,25.0,3,7500
2015-12-14,000605,13:48:07,1,24.96,38,94848
2015-12-14,000605,13:48:01,2,25.0,1,2500
2015-12-14,000605,13:46:55,2,24.98,2,4996
2015-12-14,000605,13:46:49,2,24.98,28,69944
2015-12-14,000605,13:46:43,1,24.96,7,17472
2015-12-14,000605,13:46:19,1,24.96,4,9984
2015-12-14,000605,13:45:55,2,25.04,5,12520
2015-12-14,000605,13:45:46,1,24.98,5,12490
2015-12-14,000605,13:45:13,0,25.04,10,25040
2015-12-14,000605,13:44:28,2,25.05,3,7515
2015-12-14,000605,13:44:16,2,25.05,3,7515
2015-12-14,000605,13:43:52,0,25.05,9,22545
2015-12-14,000605,13:42:52,1,24.96,5,12480
2015-12-14,000605,13:42:46,2,25.08,2,5016
2015-12-14,000605,13:42:25,1,24.96,9,22464
2015-12-14,000605,13:41:49,2,25.09,70,175630
2015-12-14,000605,13:41:37,1,24.96,202,504192
2015-12-14,000605,13:41:10,2,24.96,18,44928
2015-12-14,000605,13:40:37,2,24.95,3,7485
2015-12-14,000605,13:40:22,2,24.95,5,12475
2015-12-14,000605,13:39:52,2,24.85,3,7455
2015-12-14,000605,13:39:49,2,24.85,13,32305
2015-12-14,000605,13:39:46,2,24.85,8,19880
2015-12-14,000605,13:39:37,2,24.85,13,32305
2015-12-14,000605,13:39:31,2,24.85,20,49700
2015-12-14,000605,13:39:25,2,24.85,14,34790
2015-12-14,000605,13:39:19,2,24.85,6,14910
2015-12-14,000605,13:39:13,1,24.85,4,9940
2015-12-14,000605,13:39:01,2,24.96,4,9984
2015-12-14,000605,13:38:27,2,24.85,3,7455
2015-12-14,000605,13:38:09,2,24.83,6,14897
2015-12-14,000605,13:38:06,1,24.82,25,62050
2015-12-14,000605,13:37:54,1,24.82,1,2482
2015-12-14,000605,13:37:45,2,24.82,10,24820
2015-12-14,000605,13:37:39,1,24.82,1,2482
2015-12-14,000605,13:36:54,1,24.85,2,4970
2015-12-14,000605,13:36:09,1,24.85,24,59640
2015-12-14,000605,13:36:00,1,24.88,24,59712
2015-12-14,000605,13:35:36,2,24.88,1,2488
2015-12-14,000605,13:35:33,2,24.88,8,19904
2015-12-14,000605,13:35:15,2,24.88,22,54736
2015-12-14,000605,13:34:45,2,24.88,35,87080
2015-12-14,000605,13:34:21,2,24.88,22,54736
2015-12-14,000605,13:34:15,2,24.88,1,2488
2015-12-14,000605,13:34:12,2,24.88,1,2488
2015-12-14,000605,13:33:42,1,24.88,2,4976
2015-12-14,000605,13:33:36,2,24.96,10,24960
2015-12-14,000605,13:33:21,1,24.96,57,142272
2015-12-14,000605,13:33:03,1,24.96,10,24960
2015-12-14,000605,13:32:54,2,24.96,13,32448
2015-12-14,000605,13:32:45,2,24.95,48,119760
2015-12-14,000605,13:32:36,1,24.93,2,4986
2015-12-14,000605,13:32:24,2,24.95,3,7485
2015-12-14,000605,13:32:21,1,24.95,3,7485
2015-12-14,000605,13:32:09,2,24.96,4,9984
2015-12-14,000605,13:32:06,1,24.96,45,112320
2015-12-14,000605,13:32:03,2,25.0,5,12500
2015-12-14,000605,13:31:51,1,24.96,7,17472
2015-12-14,000605,13:31:48,1,24.96,4,9984
2015-12-14,000605,13:31:36,2,25.02,1,2502
2015-12-14,000605,13:31:30,0,25.0,25,62500
2015-12-14,000605,13:31:27,2,25.02,1,2502
2015-12-14,000605,13:30:42,2,25.02,22,55044
2015-12-14,000605,13:30:33,1,25.0,5,12500
2015-12-14,000605,13:30:27,2,25.0,3,7500
2015-12-14,000605,13:30:15,2,25.0,5,12500
2015-12-14,000605,13:30:06,2,25.0,2,5000
2015-12-14,000605,13:29:51,2,24.99,1,2499
2015-12-14,000605,13:29:48,1,24.96,5,12480
2015-12-14,000605,13:29:24,2,24.96,4,9984
2015-12-14,000605,13:29:03,2,24.95,17,42415
2015-12-14,000605,13:28:45,2,24.9,9,22410
2015-12-14,000605,13:28:27,2,24.9,2,4980
2015-12-14,000605,13:28:18,0,24.9,5,12450
2015-12-14,000605,13:27:54,1,24.85,10,24850
2015-12-14,000605,13:27:45,1,24.93,3,7479
2015-12-14,000605,13:27:30,2,24.94,3,7482
2015-12-14,000605,13:26:48,2,24.94,10,24940
2015-12-14,000605,13:26:09,2,24.85,11,27335
2015-12-14,000605,13:26:06,2,24.83,3,7448
2015-12-14,000605,13:25:57,2,24.83,5,12415
2015-12-14,000605,13:25:42,2,24.82,19,47158
2015-12-14,000605,13:25:24,2,24.81,6,14886
2015-12-14,000605,13:25:03,0,24.79,5,12395
2015-12-14,000605,13:24:54,2,24.81,10,24810
2015-12-14,000605,13:24:12,2,24.78,14,34692
2015-12-14,000605,13:23:57,2,24.78,2,4956
2015-12-14,000605,13:23:03,1,24.72,5,12360
2015-12-14,000605,13:22:51,2,24.77,1,2477
2015-12-14,000605,13:21:45,1,24.72,5,12360
2015-12-14,000605,13:21:24,2,24.72,2,4944
2015-12-14,000605,13:21:15,2,24.72,1,2472
2015-12-14,000605,13:20:54,1,24.72,34,84048
2015-12-14,000605,13:20:48,2,24.78,3,7434
2015-12-14,000605,13:20:12,2,24.78,2,4956
2015-12-14,000605,13:20:03,1,24.7,29,71630
2015-12-14,000605,13:19:27,2,24.79,40,99160
2015-12-14,000605,13:19:15,2,24.79,6,14874
2015-12-14,000605,13:19:09,2,24.79,6,14874
2015-12-14,000605,13:18:17,0,24.79,2,4958
2015-12-14,000605,13:17:17,2,24.7,34,83980
2015-12-14,000605,13:17:11,1,24.65,5,12325
2015-12-14,000605,13:16:56,1,24.65,50,123250
2015-12-14,000605,13:16:23,1,24.65,10,24650
2015-12-14,000605,13:16:17,2,24.67,3,7401
2015-12-14,000605,13:15:53,0,24.65,32,78880
2015-12-14,000605,13:15:35,1,24.64,2,4928
2015-12-14,000605,13:15:32,1,24.64,50,123200
2015-12-14,000605,13:15:20,2,24.64,13,32032
2015-12-14,000605,13:15:14,1,24.62,1,2462
2015-12-14,000605,13:15:11,2,24.64,20,49280
2015-12-14,000605,13:14:59,2,24.64,6,14784
2015-12-14,000605,13:14:32,1,24.64,15,36960
2015-12-14,000605,13:14:23,1,24.65,6,14790
2015-12-14,000605,13:14:20,2,24.67,27,66609
2015-12-14,000605,13:14:17,1,24.65,25,61625
2015-12-14,000605,13:14:14,2,24.67,6,14802
2015-12-14,000605,13:14:11,2,24.67,3,7401
2015-12-14,000605,13:14:08,1,24.65,50,123250
2015-12-14,000605,13:14:05,2,24.67,3,7401
2015-12-14,000605,13:13:53,1,24.65,60,147900
2015-12-14,000605,13:13:47,1,24.65,77,189805
2015-12-14,000605,13:13:38,1,24.65,30,73950
2015-12-14,000605,13:13:29,1,24.67,1,2467
2015-12-14,000605,13:13:17,2,24.68,1,2468
2015-12-14,000605,13:12:59,1,24.65,38,93670
2015-12-14,000605,13:12:56,1,24.65,4,9860
2015-12-14,000605,13:12:44,1,24.65,42,103530
2015-12-14,000605,13:12:23,1,24.6,45,110700
2015-12-14,000605,13:12:08,1,24.66,1,2466
2015-12-14,000605,13:12:02,2,24.65,23,56695
2015-12-14,000605,13:11:59,1,24.65,41,101065
2015-12-14,000605,13:11:53,1,24.65,202,497930
2015-12-14,000605,13:11:50,2,24.66,5,12330
2015-12-14,000605,13:11:35,0,24.66,5,12330
2015-12-14,000605,13:11:02,2,24.68,14,34552
2015-12-14,000605,13:10:53,2,24.68,2,4936
2015-12-14,000605,13:10:50,0,24.68,7,17276
2015-12-14,000605,13:10:08,2,24.68,1,2468
2015-12-14,000605,13:10:02,2,24.68,1,2468
2015-12-14,000605,13:09:50,2,24.68,10,24680
2015-12-14,000605,13:09:38,2,24.68,5,12340
2015-12-14,000605,13:09:23,0,24.65,9,22185
2015-12-14,000605,13:09:02,1,24.6,110,270600
2015-12-14,000605,13:08:50,2,24.65,52,128179
2015-12-14,000605,13:08:41,1,24.63,37,91131
2015-12-14,000605,13:08:38,2,24.65,5,12325
2015-12-14,000605,13:08:29,1,24.65,193,475745
2015-12-14,000605,13:08:26,1,24.65,4,9860
2015-12-14,000605,13:08:20,1,24.65,40,98600
2015-12-14,000605,13:08:08,2,24.68,20,49360
2015-12-14,000605,13:08:02,2,24.68,12,29616
2015-12-14,000605,13:07:59,1,24.68,101,249268
2015-12-14,000605,13:07:53,1,24.68,80,197440
2015-12-14,000605,13:07:47,2,24.68,19,46892
2015-12-14,000605,13:07:38,1,24.68,11,27148
2015-12-14,000605,13:07:32,1,24.68,1,2468
2015-12-14,000605,13:07:23,2,24.68,6,14808
2015-12-14,000605,13:07:17,1,24.65,20,49300
2015-12-14,000605,13:07:08,2,24.68,10,24680
2015-12-14,000605,13:07:02,1,24.68,3,7404
2015-12-14,000605,13:06:56,1,24.68,18,44424
2015-12-14,000605,13:06:53,2,24.7,1,2470
2015-12-14,000605,13:06:32,2,24.7,16,39520
2015-12-14,000605,13:06:20,1,24.68,4,9872
2015-12-14,000605,13:06:14,2,24.68,125,308500
2015-12-14,000605,13:06:05,2,24.65,9,22185
2015-12-14,000605,13:05:50,1,24.65,5,12325
2015-12-14,000605,13:05:47,2,24.68,1,2468
2015-12-14,000605,13:05:44,1,24.65,20,49300
2015-12-14,000605,13:05:26,1,24.65,42,103530
2015-12-14,000605,13:05:23,2,24.68,5,12340
2015-12-14,000605,13:05:20,2,24.68,30,74040
2015-12-14,000605,13:04:26,2,24.68,1,2468
2015-12-14,000605,13:04:23,0,24.68,2,4936
2015-12-14,000605,13:03:53,1,24.66,15,36990
2015-12-14,000605,13:03:41,0,24.7,10,24700
2015-12-14,000605,13:03:32,1,24.68,165,407220
2015-12-14,000605,13:03:23,1,24.73,20,49460
2015-12-14,000605,13:03:14,1,24.73,5,12365
2015-12-14,000605,13:02:56,1,24.73,11,27203
2015-12-14,000605,13:02:47,2,24.75,6,14850
2015-12-14,000605,13:02:32,1,24.75,29,71775
2015-12-14,000605,13:02:08,1,24.77,33,81741
2015-12-14,000605,13:01:50,1,24.77,1,2477
2015-12-14,000605,13:01:47,2,24.81,1,2481
2015-12-14,000605,13:01:35,2,24.81,1,2481
2015-12-14,000605,13:00:53,2,24.81,1,2481
2015-12-14,000605,13:00:38,2,24.81,30,74430
2015-12-14,000605,13:00:26,1,24.75,2,4950
2015-12-14,000605,13:00:23,1,24.75,5,12375
2015-12-14,000605,13:00:20,2,24.8,6,14880
2015-12-14,000605,13:00:14,2,24.8,2,4960
2015-12-14,000605,13:00:11,1,24.75,13,32175
2015-12-14,000605,13:00:08,2,24.8,11,27280
2015-12-14,000605,13:00:05,1,24.8,36,89280
2015-12-14,000605,11:30:00,1,24.8,10,24800
2015-12-14,000605,11:29:54,2,24.82,1,2482
2015-12-14,000605,11:29:36,2,24.82,3,7446
2015-12-14,000605,11:29:33,2,24.82,5,12410
2015-12-14,000605,11:29:18,0,24.82,2,4964
2015-12-14,000605,11:28:54,2,24.83,6,14897
2015-12-14,000605,11:28:48,1,24.8,1,2480
2015-12-14,000605,11:28:45,2,24.83,4,9932
2015-12-14,000605,11:28:36,1,24.8,2,4960
2015-12-14,000605,11:28:24,2,24.83,25,62074
2015-12-14,000605,11:27:51,1,24.83,2,4966
2015-12-14,000605,11:27:48,2,24.83,18,44694
2015-12-14,000605,11:27:42,2,24.83,7,17381
2015-12-14,000605,11:27:39,0,24.81,2,4962
2015-12-14,000605,11:27:21,2,24.83,52,129115
2015-12-14,000605,11:27:15,2,24.83,5,12415
2015-12-14,000605,11:27:09,2,24.83,4,9932
2015-12-14,000605,11:26:45,2,24.83,5,12415
2015-12-14,000605,11:26:24,0,24.83,5,12415
2015-12-14,000605,11:26:03,2,24.85,2,4970
2015-12-14,000605,11:25:57,2,24.85,2,4970
2015-12-14,000605,11:25:54,2,24.85,1,2485
2015-12-14,000605,11:25:45,2,24.85,1,2485
2015-12-14,000605,11:25:39,2,24.85,2,4970
2015-12-14,000605,11:25:15,1,24.85,1,2485
2015-12-14,000605,11:25:12,2,24.81,5,12405
2015-12-14,000605,11:25:09,2,24.81,2,4962
2015-12-14,000605,11:25:06,1,24.81,3,7443
2015-12-14,000605,11:25:03,2,24.85,3,7455
2015-12-14,000605,11:24:51,2,24.85,2,4970
2015-12-14,000605,11:24:30,0,24.85,5,12425
2015-12-14,000605,11:24:00,2,24.8,9,22320
2015-12-14,000605,11:23:57,1,24.78,30,74340
2015-12-14,000605,11:23:54,2,24.85,10,24850
2015-12-14,000605,11:23:33,2,24.8,1,2480
2015-12-14,000605,11:23:24,2,24.78,5,12390
2015-12-14,000605,11:22:48,1,24.75,20,49500
2015-12-14,000605,11:22:42,2,24.76,21,51996
2015-12-14,000605,11:22:39,1,24.75,2,4950
2015-12-14,000605,11:22:36,1,24.75,1,2475
2015-12-14,000605,11:22:24,1,24.76,19,47044
2015-12-14,000605,11:22:15,1,24.76,10,24760
2015-12-14,000605,11:22:03,0,24.76,1,2476
2015-12-14,000605,11:22:00,1,24.75,16,39600
2015-12-14,000605,11:21:57,2,24.8,6,14880
2015-12-14,000605,11:21:45,1,24.78,3,7434
2015-12-14,000605,11:21:36,2,24.81,4,9924
2015-12-14,000605,11:21:33,2,24.81,2,4962
2015-12-14,000605,11:21:30,1,24.8,9,22320
2015-12-14,000605,11:21:27,1,24.81,4,9924
2015-12-14,000605,11:21:06,1,24.81,3,7443
2015-12-14,000605,11:21:00,2,24.86,1,2486
2015-12-14,000605,11:20:51,1,24.86,93,231198
2015-12-14,000605,11:20:33,1,24.86,3,7458
2015-12-14,000605,11:20:24,2,24.91,1,2491
2015-12-14,000605,11:20:21,1,24.86,30,74580
2015-12-14,000605,11:20:00,0,24.92,8,19936
2015-12-14,000605,11:19:30,0,24.93,28,69804
2015-12-14,000605,11:19:09,2,24.94,3,7482
2015-12-14,000605,11:19:06,2,24.94,40,99760
2015-12-14,000605,11:19:00,1,24.93,10,24930
2015-12-14,000605,11:18:42,2,24.94,3,7482
2015-12-14,000605,11:18:36,2,24.94,3,7482
2015-12-14,000605,11:18:29,1,24.94,1,2494
2015-12-14,000605,11:18:26,1,24.94,6,14964
2015-12-14,000605,11:18:11,2,24.94,6,14964
2015-12-14,000605,11:17:47,2,24.92,6,14952
2015-12-14,000605,11:17:26,2,24.92,6,14952
2015-12-14,000605,11:17:05,0,24.86,5,12430
2015-12-14,000605,11:15:44,2,24.81,0,272
2015-12-14,000605,11:15:38,2,24.81,14,34734
2015-12-14,000605,11:15:35,2,24.81,2,4962
2015-12-14,000605,11:15:20,2,24.8,74,183520
2015-12-14,000605,11:15:05,2,24.78,1,2478
2015-12-14,000605,11:14:50,1,24.73,29,71717
2015-12-14,000605,11:14:41,1,24.73,10,24730
2015-12-14,000605,11:14:38,2,24.78,1,2478
2015-12-14,000605,11:14:35,1,24.73,31,76663
2015-12-14,000605,11:14:32,0,24.74,4,9896
2015-12-14,000605,11:14:08,1,24.73,2,4946
2015-12-14,000605,11:14:05,2,24.73,13,32149
2015-12-14,000605,11:13:59,2,24.73,2,4946
2015-12-14,000605,11:13:53,1,24.72,8,19776
2015-12-14,000605,11:13:50,2,24.73,12,29676
2015-12-14,000605,11:13:47,0,24.72,2,4944
2015-12-14,000605,11:13:35,2,24.73,5,12365
2015-12-14,000605,11:13:29,0,24.66,3,7398
2015-12-14,000605,11:13:11,0,24.73,4,9892
2015-12-14,000605,11:12:56,1,24.65,8,19720
2015-12-14,000605,11:12:47,1,24.77,4,9908
2015-12-14,000605,11:12:38,1,24.78,40,99120
2015-12-14,000605,11:12:32,2,24.8,2,4960
2015-12-14,000605,11:12:29,2,24.8,2,4960
2015-12-14,000605,11:12:23,1,24.8,43,106640
2015-12-14,000605,11:12:20,2,24.81,5,12405
2015-12-14,000605,11:12:14,2,24.81,1,2481
2015-12-14,000605,11:12:05,1,24.81,11,27291
2015-12-14,000605,11:11:59,1,24.81,10,24810
2015-12-14,000605,11:11:44,0,24.89,1,2489
2015-12-14,000605,11:11:23,2,24.9,2,4980
2015-12-14,000605,11:11:08,1,24.8,5,12400
2015-12-14,000605,11:11:02,1,24.8,100,248000
2015-12-14,000605,11:10:56,2,24.9,8,19920
2015-12-14,000605,11:10:53,1,24.9,40,99600
2015-12-14,000605,11:10:35,1,24.91,11,27401
2015-12-14,000605,11:10:32,2,24.92,1,2492
2015-12-14,000605,11:10:29,1,24.92,2,4984
2015-12-14,000605,11:10:14,1,24.92,53,132076
2015-12-14,000605,11:10:11,2,24.95,12,29940
2015-12-14,000605,11:10:05,2,24.95,8,19960
2015-12-14,000605,11:09:44,1,24.95,70,174650
2015-12-14,000605,11:09:02,2,24.95,36,89820
2015-12-14,000605,11:08:56,2,24.95,15,37425
2015-12-14,000605,11:08:47,2,24.95,26,64870
2015-12-14,000605,11:08:44,2,24.95,2,4990
2015-12-14,000605,11:08:35,2,24.95,1,2495
2015-12-14,000605,11:08:32,1,24.94,1,2494
2015-12-14,000605,11:08:26,1,24.95,1,2495
2015-12-14,000605,11:08:11,2,24.95,6,14970
2015-12-14,000605,11:08:08,0,24.94,9,22446
2015-12-14,000605,11:08:02,2,24.94,1,2494
2015-12-14,000605,11:07:41,1,24.91,2,4982
2015-12-14,000605,11:07:35,2,24.94,1,2494
2015-12-14,000605,11:07:05,2,24.95,5,12475
2015-12-14,000605,11:06:05,1,24.91,9,22419
2015-12-14,000605,11:05:56,1,24.91,20,49820
2015-12-14,000605,11:05:44,1,24.91,1,2491
2015-12-14,000605,11:05:38,1,24.92,9,22428
2015-12-14,000605,11:05:35,1,24.92,15,37380
2015-12-14,000605,11:05:05,1,24.92,2,4984
2015-12-14,000605,11:04:41,1,24.95,4,9980
2015-12-14,000605,11:04:02,1,24.96,12,29952
2015-12-14,000605,11:03:44,2,25.0,6,15000
2015-12-14,000605,11:03:35,1,25.0,26,65000
2015-12-14,000605,11:03:23,1,25.0,15,37500
2015-12-14,000605,11:03:17,1,25.0,13,32500
2015-12-14,000605,11:03:14,1,25.0,3,7500
2015-12-14,000605,11:03:08,1,25.0,1,2500
2015-12-14,000605,11:02:47,1,25.0,24,60000
2015-12-14,000605,11:02:32,1,25.0,100,250000
2015-12-14,000605,11:02:26,1,25.01,9,22509
2015-12-14,000605,11:01:50,1,25.03,5,12515
2015-12-14,000605,11:01:29,0,25.1,1,2510
2015-12-14,000605,11:00:08,2,25.11,4,10044
2015-12-14,000605,10:59:53,0,25.1,41,102910
2015-12-14,000605,10:59:23,0,25.1,30,75300
2015-12-14,000605,10:59:02,2,25.11,50,125550
2015-12-14,000605,10:58:59,1,25.1,2,5020
2015-12-14,000605,10:58:41,2,25.11,3,7533
2015-12-14,000605,10:58:32,1,25.1,5,12550
2015-12-14,000605,10:58:29,1,25.1,2,5020
2015-12-14,000605,10:58:23,1,25.1,20,50200
2015-12-14,000605,10:58:08,2,25.11,6,15066
2015-12-14,000605,10:58:05,2,25.11,38,95418
2015-12-14,000605,10:57:59,2,25.11,76,190836
2015-12-14,000605,10:57:56,2,25.11,1,2511
2015-12-14,000605,10:57:53,2,25.1,42,105420
2015-12-14,000605,10:57:19,0,25.1,40,100400
2015-12-14,000605,10:57:04,1,25.0,4,10000
2015-12-14,000605,10:56:58,2,25.08,40,100320
2015-12-14,000605,10:56:10,2,24.95,38,94810
2015-12-14,000605,10:56:01,2,24.95,20,49900
2015-12-14,000605,10:55:58,2,24.95,40,99800
2015-12-14,000605,10:55:43,2,24.95,95,237025
2015-12-14,000605,10:55:40,1,24.92,10,24920
2015-12-14,000605,10:55:25,2,24.95,1,2495
2015-12-14,000605,10:55:10,2,24.95,2,4990
2015-12-14,000605,10:55:07,2,24.95,10,24950
2015-12-14,000605,10:54:49,2,24.95,41,102295
2015-12-14,000605,10:54:43,1,24.92,6,14952
2015-12-14,000605,10:54:28,0,24.92,1,2492
2015-12-14,000605,10:54:22,1,24.9,1,2490
2015-12-14,000605,10:54:16,1,24.91,2,4982
2015-12-14,000605,10:54:13,1,24.9,190,473100
2015-12-14,000605,10:54:07,1,24.92,1,2492
2015-12-14,000605,10:54:01,2,24.95,40,99800
2015-12-14,000605,10:53:58,2,24.95,40,99800
2015-12-14,000605,10:53:55,2,24.92,3,7476
2015-12-14,000605,10:53:49,2,24.92,1,2492
2015-12-14,000605,10:53:34,1,24.9,5,12450
2015-12-14,000605,10:53:28,2,24.92,2,4984
2015-12-14,000605,10:53:22,2,24.92,5,12460
2015-12-14,000605,10:53:16,2,24.92,63,156996
2015-12-14,000605,10:52:55,1,24.9,4,9960
2015-12-14,000605,10:52:46,2,24.92,20,49840
2015-12-14,000605,10:52:22,2,24.92,3,7476
2015-12-14,000605,10:52:13,2,24.92,2,4984
2015-12-14,000605,10:52:10,2,24.92,3,7476
2015-12-14,000605,10:52:04,1,24.92,111,276612
2015-12-14,000605,10:52:01,2,24.94,5,12470
2015-12-14,000605,10:51:58,2,24.94,100,249400
2015-12-14,000605,10:51:52,2,24.94,22,54868
2015-12-14,000605,10:51:43,2,24.94,200,498800
2015-12-14,000605,10:51:37,1,24.92,12,29904
2015-12-14,000605,10:51:31,2,24.93,6,14958
2015-12-14,000605,10:51:25,2,24.92,129,321468
2015-12-14,000605,10:51:13,2,24.92,3,7476
2015-12-14,000605,10:50:49,1,24.89,18,44802
2015-12-14,000605,10:50:43,1,24.92,30,74760
2015-12-14,000605,10:50:37,2,24.92,23,57316
2015-12-14,000605,10:50:19,2,24.92,2,4984
2015-12-14,000605,10:50:16,2,24.92,15,37380
2015-12-14,000605,10:50:07,2,24.92,187,466004
2015-12-14,000605,10:49:58,2,24.92,2,4984
2015-12-14,000605,10:49:55,0,24.92,5,12460
2015-12-14,000605,10:49:49,2,24.93,1,2493
2015-12-14,000605,10:49:37,2,24.93,2,4986
2015-12-14,000605,10:49:34,2,24.93,7,17451
2015-12-14,000605,10:49:31,1,24.91,39,97149
2015-12-14,000605,10:49:22,2,24.91,67,166897
2015-12-14,000605,10:49:19,1,24.9,70,174300
2015-12-14,000605,10:49:16,0,24.9,1,2490
2015-12-14,000605,10:48:52,2,24.89,28,69692
2015-12-14,000605,10:48:40,1,24.88,54,134352
2015-12-14,000605,10:48:37,2,24.89,3,7467
2015-12-14,000605,10:48:31,1,24.88,15,37320
2015-12-14,000605,10:48:22,1,24.88,26,64688
2015-12-14,000605,10:48:19,2,24.88,2,4976
2015-12-14,000605,10:47:58,1,24.82,3,7446
2015-12-14,000605,10:47:52,2,24.88,1,2488
2015-12-14,000605,10:47:37,0,24.88,1,2488
2015-12-14,000605,10:47:31,1,24.84,1,2484
2015-12-14,000605,10:47:25,0,24.84,4,9936
2015-12-14,000605,10:47:01,2,24.82,10,24820
2015-12-14,000605,10:46:58,1,24.82,61,151402
2015-12-14,000605,10:46:40,2,24.83,11,27312
2015-12-14,000605,10:46:34,2,24.83,3,7448
2015-12-14,000605,10:46:25,2,24.83,2,4966
2015-12-14,000605,10:46:16,2,24.83,1,2483
2015-12-14,000605,10:46:10,1,24.82,8,19856
2015-12-14,000605,10:46:01,1,24.82,15,37230
2015-12-14,000605,10:45:58,2,24.83,3,7448
2015-12-14,000605,10:45:49,2,24.82,2,4964
2015-12-14,000605,10:45:40,1,24.82,8,19856
2015-12-14,000605,10:45:31,1,24.82,16,39712
2015-12-14,000605,10:45:25,1,24.83,1,2483
2015-12-14,000605,10:45:10,2,24.83,79,196157
2015-12-14,000605,10:45:04,2,24.82,21,52122
2015-12-14,000605,10:44:58,2,24.82,3,7446
2015-12-14,000605,10:44:55,2,24.82,2,4964
2015-12-14,000605,10:44:37,1,24.82,5,12410
2015-12-14,000605,10:44:34,2,24.83,6,14897
2015-12-14,000605,10:44:31,1,24.82,1,2482
2015-12-14,000605,10:44:28,2,24.83,2,4966
2015-12-14,000605,10:44:22,1,24.82,20,49640
2015-12-14,000605,10:44:16,2,24.89,18,44802
2015-12-14,000605,10:44:13,1,24.83,9,22347
2015-12-14,000605,10:44:04,1,24.9,2,4980
2015-12-14,000605,10:43:58,1,24.9,3,7470
2015-12-14,000605,10:43:55,1,24.9,10,24900
2015-12-14,000605,10:43:49,2,24.95,4,9980
2015-12-14,000605,10:43:28,2,24.95,8,19960
2015-12-14,000605,10:43:25,2,24.9,2,4980
2015-12-14,000605,10:43:22,0,24.92,5,12460
2015-12-14,000605,10:43:10,1,24.5,4,9800
2015-12-14,000605,10:43:04,0,24.95,1,2495
2015-12-14,000605,10:42:49,0,24.43,9,21987
2015-12-14,000605,10:42:43,1,24.42,50,122100
2015-12-14,000605,10:42:40,1,24.9,14,34860
2015-12-14,000605,10:42:37,1,24.9,10,24900
2015-12-14,000605,10:42:34,2,24.9,56,139440
2015-12-14,000605,10:42:31,2,24.9,3,7470
2015-12-14,000605,10:42:28,2,24.9,20,49800
2015-12-14,000605,10:42:19,2,24.9,5,12450
2015-12-14,000605,10:42:16,2,24.9,1,2490
2015-12-14,000605,10:42:07,1,24.9,68,169320
2015-12-14,000605,10:41:52,0,24.9,280,697200
2015-12-14,000605,10:41:46,0,24.9,2,4980
2015-12-14,000605,10:41:40,2,24.95,2,4990
2015-12-14,000605,10:41:37,2,24.95,1,2495
2015-12-14,000605,10:41:19,2,24.95,1,2495
2015-12-14,000605,10:41:16,2,24.95,1,2495
2015-12-14,000605,10:41:07,1,24.85,5,12425
2015-12-14,000605,10:41:04,0,24.95,2,4990
2015-12-14,000605,10:41:01,1,24.95,8,19960
2015-12-14,000605,10:40:58,1,24.98,2,4996
2015-12-14,000605,10:40:55,1,24.98,9,22482
2015-12-14,000605,10:40:52,2,25.0,1,2500
2015-12-14,000605,10:40:43,1,25.0,178,445000
2015-12-14,000605,10:40:34,1,25.08,5,12540
2015-12-14,000605,10:40:28,2,25.1,1,2510
2015-12-14,000605,10:40:25,2,25.1,39,97890
2015-12-14,000605,10:40:22,2,25.1,24,60240
2015-12-14,000605,10:40:19,1,25.1,133,333830
2015-12-14,000605,10:40:16,2,25.11,1,2511
2015-12-14,000605,10:40:07,1,25.11,54,135594
2015-12-14,000605,10:40:01,1,25.12,7,17584
2015-12-14,000605,10:39:55,2,25.13,1,2513
2015-12-14,000605,10:39:49,1,25.13,23,57799
2015-12-14,000605,10:39:43,2,25.14,4,10056
2015-12-14,000605,10:39:40,2,25.14,1,2514
2015-12-14,000605,10:39:31,2,25.14,1,2514
2015-12-14,000605,10:39:28,1,25.14,295,741630
2015-12-14,000605,10:39:25,2,25.15,2,5030
2015-12-14,000605,10:39:19,1,25.14,10,25140
2015-12-14,000605,10:39:16,1,25.14,5,12570
2015-12-14,000605,10:39:01,1,25.14,30,75420
2015-12-14,000605,10:38:55,2,25.15,14,35210
2015-12-14,000605,10:38:46,2,25.15,1,2515
2015-12-14,000605,10:38:43,2,25.15,23,57845
2015-12-14,000605,10:38:40,2,25.15,2,5030
2015-12-14,000605,10:38:37,1,25.14,20,50280
2015-12-14,000605,10:38:31,1,25.14,15,37710
2015-12-14,000605,10:38:19,2,25.15,9,22635
2015-12-14,000605,10:38:16,2,25.15,5,12575
2015-12-14,000605,10:38:07,1,25.15,2,5030
2015-12-14,000605,10:37:55,2,25.15,24,60360
2015-12-14,000605,10:37:52,2,25.15,15,37725
2015-12-14,000605,10:37:46,1,25.15,3,7545
2015-12-14,000605,10:37:43,2,25.15,41,103115
2015-12-14,000605,10:37:33,1,25.15,14,35210
2015-12-14,000605,10:37:27,1,25.14,3,7542
2015-12-14,000605,10:37:21,1,25.15,10,25150
2015-12-14,000605,10:37:15,1,25.15,10,25150
2015-12-14,000605,10:37:06,1,25.15,21,52815
2015-12-14,000605,10:37:03,1,25.15,100,251500
2015-12-14,000605,10:37:00,1,25.15,2,5030
2015-12-14,000605,10:36:54,2,25.16,1,2516
2015-12-14,000605,10:36:48,1,25.15,16,40240
2015-12-14,000605,10:36:45,1,25.15,2,5030
2015-12-14,000605,10:36:27,2,25.16,7,17612
2015-12-14,000605,10:36:24,1,25.15,15,37725
2015-12-14,000605,10:36:06,2,25.17,1,2517
2015-12-14,000605,10:36:03,1,25.15,69,173535
2015-12-14,000605,10:36:00,2,25.18,5,12590
2015-12-14,000605,10:35:57,1,25.17,41,103197
2015-12-14,000605,10:35:33,1,25.17,16,40272
2015-12-14,000605,10:35:27,0,25.19,4,10076
2015-12-14,000605,10:35:00,1,25.17,20,50340
2015-12-14,000605,10:34:57,2,25.19,5,12595
2015-12-14,000605,10:34:54,1,25.17,2,5034
2015-12-14,000605,10:34:51,2,25.19,1,2519
2015-12-14,000605,10:34:48,2,25.18,1,2518
2015-12-14,000605,10:34:45,1,25.18,3,7554
2015-12-14,000605,10:34:42,2,25.19,5,12595
2015-12-14,000605,10:34:36,1,25.19,7,17633
2015-12-14,000605,10:34:24,2,25.2,1,2520
2015-12-14,000605,10:34:06,1,25.2,8,20160
2015-12-14,000605,10:33:57,2,25.19,3,7557
2015-12-14,000605,10:33:48,2,25.19,10,25190
2015-12-14,000605,10:33:42,2,25.19,6,15114
2015-12-14,000605,10:33:39,0,25.19,8,20152
2015-12-14,000605,10:33:30,1,25.17,53,133401
2015-12-14,000605,10:33:21,2,25.19,9,22671
2015-12-14,000605,10:33:18,2,25.19,3,7557
2015-12-14,000605,10:33:09,2,25.19,6,15114
2015-12-14,000605,10:33:06,1,25.19,82,206558
2015-12-14,000605,10:32:45,1,25.19,21,52899
2015-12-14,000605,10:32:42,2,25.25,1,2525
2015-12-14,000605,10:32:18,1,25.19,5,12595
2015-12-14,000605,10:32:15,2,25.25,3,7575
2015-12-14,000605,10:32:12,2,25.25,1,2525
2015-12-14,000605,10:32:09,2,25.25,2,5050
2015-12-14,000605,10:32:06,1,25.25,22,55550
2015-12-14,000605,10:32:00,1,25.25,7,17675
2015-12-14,000605,10:31:48,2,25.26,2,5052
2015-12-14,000605,10:31:45,2,25.25,8,20200
2015-12-14,000605,10:31:24,2,25.25,20,50500
2015-12-14,000605,10:31:21,1,25.19,6,15114
2015-12-14,000605,10:31:03,1,25.19,8,20152
2015-12-14,000605,10:31:00,1,25.25,1,2525
2015-12-14,000605,10:30:51,2,25.26,14,35364
2015-12-14,000605,10:30:39,1,25.26,4,10104
2015-12-14,000605,10:30:36,2,25.28,4,10112
2015-12-14,000605,10:30:24,2,25.27,32,80864
2015-12-14,000605,10:30:21,2,25.27,2,5054
2015-12-14,000605,10:30:09,2,25.27,7,17689
2015-12-14,000605,10:30:06,1,25.27,15,37905
2015-12-14,000605,10:29:51,2,25.28,4,10112
2015-12-14,000605,10:29:48,2,25.28,10,25280
2015-12-14,000605,10:29:39,1,25.27,6,15162
2015-12-14,000605,10:29:33,2,25.27,9,22743
2015-12-14,000605,10:29:12,2,25.26,9,22734
2015-12-14,000605,10:29:09,2,25.17,5,12585
2015-12-14,000605,10:29:03,1,25.17,95,239115
2015-12-14,000605,10:28:42,1,25.17,1,2517
2015-12-14,000605,10:28:33,2,25.17,27,67959
2015-12-14,000605,10:28:30,2,25.17,16,40272
2015-12-14,000605,10:28:18,2,25.17,24,60408
2015-12-14,000605,10:28:12,2,25.17,6,15102
2015-12-14,000605,10:28:03,0,25.17,29,72993
2015-12-14,000605,10:27:48,1,25.15,7,17605
2015-12-14,000605,10:27:15,2,25.15,46,115690
2015-12-14,000605,10:27:09,2,25.15,1,2515
2015-12-14,000605,10:27:06,1,25.15,53,133295
2015-12-14,000605,10:26:30,2,25.2,20,50400
2015-12-14,000605,10:26:24,1,25.14,16,40224
2015-12-14,000605,10:26:15,2,25.15,13,32694
2015-12-14,000605,10:26:06,1,25.14,93,233802
2015-12-14,000605,10:26:03,1,25.15,15,37725
2015-12-14,000605,10:26:00,1,25.15,20,50300
2015-12-14,000605,10:25:39,0,25.15,14,35210
2015-12-14,000605,10:25:33,1,25.14,34,85476
2015-12-14,000605,10:25:30,2,25.16,11,27676
2015-12-14,000605,10:25:27,1,25.15,11,27665
2015-12-14,000605,10:25:24,1,25.15,11,27665
2015-12-14,000605,10:25:15,1,25.15,18,45270
2015-12-14,000605,10:25:09,0,25.16,2,5032
2015-12-14,000605,10:25:00,1,25.15,5,12575
2015-12-14,000605,10:24:48,1,25.15,12,30180
2015-12-14,000605,10:24:42,1,25.15,200,503000
2015-12-14,000605,10:24:33,2,25.2,2,5040
2015-12-14,000605,10:24:30,1,25.15,9,22635
2015-12-14,000605,10:24:24,2,25.2,17,42840
2015-12-14,000605,10:24:06,0,25.2,4,10080
2015-12-14,000605,10:24:03,1,25.15,250,628750
2015-12-14,000605,10:23:51,0,25.2,6,15120
2015-12-14,000605,10:23:27,2,25.18,92,231656
2015-12-14,000605,10:23:21,2,25.18,1,2518
2015-12-14,000605,10:23:18,2,25.18,7,17626
2015-12-14,000605,10:23:09,2,25.18,8,20144
2015-12-14,000605,10:23:03,0,25.18,2,5036
2015-12-14,000605,10:22:45,1,25.15,10,25150
2015-12-14,000605,10:22:33,2,25.2,29,73080
2015-12-14,000605,10:22:21,2,25.2,1,2520
2015-12-14,000605,10:22:09,2,25.2,12,30240
2015-12-14,000605,10:22:06,2,25.15,15,37725
2015-12-14,000605,10:22:03,1,25.15,53,133295
2015-12-14,000605,10:22:00,2,25.21,11,27731
2015-12-14,000605,10:21:48,2,25.2,1,2520
2015-12-14,000605,10:21:45,1,25.2,3,7560
2015-12-14,000605,10:21:36,2,25.21,10,25210
2015-12-14,000605,10:21:33,1,25.2,4,10080
2015-12-14,000605,10:21:21,1,25.2,17,42840
2015-12-14,000605,10:21:12,2,25.21,6,15126
2015-12-14,000605,10:21:09,0,25.21,6,15126
2015-12-14,000605,10:21:00,1,25.2,10,25200
2015-12-14,000605,10:20:57,1,25.22,12,30264
2015-12-14,000605,10:20:51,2,25.25,5,12625
2015-12-14,000605,10:20:45,1,25.23,1,2523
2015-12-14,000605,10:20:42,2,25.25,3,7575
2015-12-14,000605,10:20:24,1,25.25,12,30300
2015-12-14,000605,10:20:18,2,25.29,30,75870
2015-12-14,000605,10:20:09,2,25.29,8,20232
2015-12-14,000605,10:20:06,1,25.29,2,5058
2015-12-14,000605,10:19:57,2,25.3,28,70840
2015-12-14,000605,10:19:54,1,25.3,8,20240
2015-12-14,000605,10:19:48,1,25.3,16,40480
2015-12-14,000605,10:19:42,1,25.3,70,177100
2015-12-14,000605,10:19:36,1,25.3,2,5060
2015-12-14,000605,10:19:30,1,25.3,50,126500
2015-12-14,000605,10:19:24,2,25.31,4,10124
2015-12-14,000605,10:19:21,1,25.3,10,25300
2015-12-14,000605,10:19:15,1,25.31,27,68337
2015-12-14,000605,10:19:09,2,25.32,12,30384
2015-12-14,000605,10:19:06,1,25.32,106,268392
2015-12-14,000605,10:18:57,1,25.33,1,2533
2015-12-14,000605,10:18:54,0,25.35,1,2535
2015-12-14,000605,10:18:48,1,25.32,9,22788
2015-12-14,000605,10:18:27,2,25.33,41,103853
2015-12-14,000605,10:18:24,2,25.33,1,2533
2015-12-14,000605,10:18:21,1,25.32,10,25320
2015-12-14,000605,10:18:12,1,25.32,41,103812
2015-12-14,000605,10:18:06,1,25.33,4,10132
2015-12-14,000605,10:18:03,2,25.35,11,27885
2015-12-14,000605,10:18:00,1,25.32,3,7596
2015-12-14,000605,10:17:48,2,25.4,20,50800
2015-12-14,000605,10:17:42,1,25.32,50,126600
2015-12-14,000605,10:17:39,1,25.32,20,50640
2015-12-14,000605,10:17:33,2,25.35,14,35490
2015-12-14,000605,10:17:27,2,25.35,21,53235
2015-12-14,000605,10:17:11,1,25.31,100,253100
2015-12-14,000605,10:17:08,2,25.33,17,43061
2015-12-14,000605,10:17:05,2,25.32,110,278520
2015-12-14,000605,10:16:44,2,25.32,1,2532
2015-12-14,000605,10:16:38,1,25.32,9,22788
2015-12-14,000605,10:16:32,0,25.32,2,5064
2015-12-14,000605,10:16:29,1,25.31,1,2531
2015-12-14,000605,10:16:26,2,25.33,12,30395
2015-12-14,000605,10:16:14,2,25.32,3,7596
2015-12-14,000605,10:16:11,2,25.32,2,5064
2015-12-14,000605,10:16:08,1,25.31,20,50620
2015-12-14,000605,10:16:05,2,25.32,19,48108
2015-12-14,000605,10:16:02,1,25.33,1,2533
2015-12-14,000605,10:15:59,2,25.37,12,30444
2015-12-14,000605,10:15:53,1,25.33,1,2533
2015-12-14,000605,10:15:47,1,25.31,22,55682
2015-12-14,000605,10:15:44,0,25.32,11,27852
2015-12-14,000605,10:15:35,1,25.31,8,20248
2015-12-14,000605,10:15:29,1,25.31,19,48089
2015-12-14,000605,10:15:26,1,25.31,6,15186
2015-12-14,000605,10:15:20,2,25.32,12,30384
2015-12-14,000605,10:15:17,1,25.31,10,25310
2015-12-14,000605,10:15:14,1,25.31,4,10124
2015-12-14,000605,10:15:05,1,25.32,4,10128
2015-12-14,000605,10:14:59,2,25.36,12,30432
2015-12-14,000605,10:14:56,2,25.31,1,2531
2015-12-14,000605,10:14:53,1,25.31,5,12655
2015-12-14,000605,10:14:47,2,25.35,22,55770
2015-12-14,000605,10:14:29,2,25.31,20,50620
2015-12-14,000605,10:14:17,2,25.31,1,2531
2015-12-14,000605,10:14:11,2,25.31,3,7593
2015-12-14,000605,10:14:08,2,25.31,20,50620
2015-12-14,000605,10:14:05,1,25.31,35,88585
2015-12-14,000605,10:14:02,2,25.35,2,5070
2015-12-14,000605,10:13:47,2,25.35,13,32955
2015-12-14,000605,10:13:35,2,25.35,40,101400
2015-12-14,000605,10:13:23,1,25.3,30,75900
2015-12-14,000605,10:13:08,1,25.35,14,35490
2015-12-14,000605,10:13:05,1,25.36,19,48184
2015-12-14,000605,10:13:02,2,25.38,25,63450
2015-12-14,000605,10:12:56,1,25.36,13,32968
2015-12-14,000605,10:12:50,1,25.38,7,17766
2015-12-14,000605,10:12:38,1,25.38,9,22842
2015-12-14,000605,10:12:35,2,25.4,1,2540
2015-12-14,000605,10:12:32,2,25.4,4,10160
2015-12-14,000605,10:12:11,1,25.4,15,38100
2015-12-14,000605,10:12:08,1,25.43,13,33059
2015-12-14,000605,10:12:02,2,25.45,3,7635
2015-12-14,000605,10:11:59,1,25.43,7,17801
2015-12-14,000605,10:11:50,1,25.43,5,12715
2015-12-14,000605,10:11:41,1,25.43,5,12715
2015-12-14,000605,10:11:32,2,25.41,13,33033
2015-12-14,000605,10:11:29,1,25.43,5,12715
2015-12-14,000605,10:11:26,2,25.43,35,89005
2015-12-14,000605,10:11:20,2,25.43,20,50860
2015-12-14,000605,10:11:17,1,25.41,18,45738
2015-12-14,000605,10:11:05,1,25.43,65,165295
2015-12-14,000605,10:10:56,2,25.45,10,25450
2015-12-14,000605,10:10:53,1,25.43,5,12715
2015-12-14,000605,10:10:38,1,25.43,2,5086
2015-12-14,000605,10:10:29,2,25.45,4,10180
2015-12-14,000605,10:10:26,0,25.45,7,17815
2015-12-14,000605,10:10:08,1,25.43,60,152580
2015-12-14,000605,10:10:05,1,25.47,1,2547
2015-12-14,000605,10:10:02,0,25.48,1,2548
2015-12-14,000605,10:09:59,1,25.47,5,12735
2015-12-14,000605,10:09:56,2,25.49,1,2549
2015-12-14,000605,10:09:44,2,25.49,2,5098
2015-12-14,000605,10:09:38,1,25.49,9,22941
2015-12-14,000605,10:09:35,1,25.49,6,15293
2015-12-14,000605,10:09:29,1,25.49,24,61175
2015-12-14,000605,10:09:23,1,25.49,6,15293
2015-12-14,000605,10:09:17,2,25.5,1,2550
2015-12-14,000605,10:09:14,1,25.5,19,48450
2015-12-14,000605,10:09:08,2,25.51,26,66326
2015-12-14,000605,10:09:05,1,25.51,14,35714
2015-12-14,000605,10:08:59,1,25.51,17,43367
2015-12-14,000605,10:08:53,1,25.51,1,2551
2015-12-14,000605,10:08:47,2,25.52,16,40832
2015-12-14,000605,10:08:41,1,25.5,38,96900
2015-12-14,000605,10:08:35,1,25.5,5,12750
2015-12-14,000605,10:08:26,2,25.51,8,20408
2015-12-14,000605,10:08:20,1,25.49,9,22941
2015-12-14,000605,10:08:17,2,25.5,21,53550
2015-12-14,000605,10:08:11,1,25.49,8,20392
2015-12-14,000605,10:08:08,2,25.5,8,20400
2015-12-14,000605,10:08:05,1,25.43,100,254300
2015-12-14,000605,10:07:59,1,25.43,11,27973
2015-12-14,000605,10:07:56,2,25.49,41,104509
2015-12-14,000605,10:07:53,2,25.49,7,17843
2015-12-14,000605,10:07:50,0,25.46,5,12730
2015-12-14,000605,10:07:41,2,25.49,39,99411
2015-12-14,000605,10:07:32,2,25.41,8,20328
2015-12-14,000605,10:07:20,2,25.41,7,17787
2015-12-14,000605,10:07:11,2,25.4,15,38100
2015-12-14,000605,10:07:08,2,25.4,34,86360
2015-12-14,000605,10:07:05,1,25.4,67,170180
2015-12-14,000605,10:06:59,2,25.41,3,7623
2015-12-14,000605,10:06:56,2,25.4,12,30480
2015-12-14,000605,10:06:53,2,25.4,5,12700
2015-12-14,000605,10:06:44,2,25.4,7,17780
2015-12-14,000605,10:06:35,2,25.4,8,20320
2015-12-14,000605,10:06:29,2,25.36,18,45648
2015-12-14,000605,10:06:23,2,25.36,7,17752
2015-12-14,000605,10:06:20,1,25.35,5,12675
2015-12-14,000605,10:06:17,2,25.36,2,5072
2015-12-14,000605,10:06:14,2,25.36,3,7608
2015-12-14,000605,10:06:11,2,25.36,5,12680
2015-12-14,000605,10:06:05,1,25.36,64,162304
2015-12-14,000605,10:06:02,1,25.36,2,5072
2015-12-14,000605,10:05:59,2,25.4,12,30480
2015-12-14,000605,10:05:56,2,25.39,4,10156
2015-12-14,000605,10:05:53,0,25.36,6,15216
2015-12-14,000605,10:05:32,2,25.35,75,190125
2015-12-14,000605,10:05:29,0,25.34,26,65884
2015-12-14,000605,10:05:20,2,25.35,20,50700
2015-12-14,000605,10:05:08,2,25.35,5,12675
2015-12-14,000605,10:05:05,1,25.35,13,32955
2015-12-14,000605,10:05:02,1,25.35,7,17745
2015-12-14,000605,10:04:53,1,25.4,63,160020
2015-12-14,000605,10:04:50,2,25.49,20,50980
2015-12-14,000605,10:04:38,0,25.48,7,17836
2015-12-14,000605,10:04:32,1,25.49,15,38235
2015-12-14,000605,10:04:23,2,25.5,10,25500
2015-12-14,000605,10:04:17,1,25.5,40,102000
2015-12-14,000605,10:04:08,2,25.51,1,2551
2015-12-14,000605,10:04:05,1,25.51,1,3826
2015-12-14,000605,10:03:56,1,25.51,15,38265
2015-12-14,000605,10:03:50,1,25.51,10,25510
2015-12-14,000605,10:03:47,1,25.51,3,7653
2015-12-14,000605,10:03:44,1,25.51,4,10204
2015-12-14,000605,10:03:38,2,25.5,0,1275
2015-12-14,000605,10:03:35,2,25.5,2,5100
2015-12-14,000605,10:03:32,1,25.5,13,34425
2015-12-14,000605,10:03:29,1,25.5,63,160650
2015-12-14,000605,10:03:26,2,25.51,3,8928
2015-12-14,000605,10:03:20,1,25.5,14,35700
2015-12-14,000605,10:03:11,2,25.51,14,35714
2015-12-14,000605,10:03:08,2,25.51,6,15306
2015-12-14,000605,10:03:05,1,25.51,33,84183
2015-12-14,000605,10:03:02,2,25.55,20,51100
2015-12-14,000605,10:02:56,2,25.55,6,15330
2015-12-14,000605,10:02:53,0,25.55,2,5110
2015-12-14,000605,10:02:47,2,25.56,12,30672
2015-12-14,000605,10:02:38,2,25.56,30,76680
2015-12-14,000605,10:02:35,0,25.56,10,25560
2015-12-14,000605,10:02:29,1,25.51,10,25510
2015-12-14,000605,10:02:26,1,25.51,10,25510
2015-12-14,000605,10:02:23,2,25.57,30,76710
2015-12-14,000605,10:02:20,2,25.54,12,30648
2015-12-14,000605,10:02:14,1,25.51,1,2551
2015-12-14,000605,10:02:11,2,25.51,53,135203
2015-12-14,000605,10:02:05,1,25.5,73,186150
2015-12-14,000605,10:01:59,1,25.5,51,130050
2015-12-14,000605,10:01:56,2,25.51,5,12755
2015-12-14,000605,10:01:50,1,25.5,10,25500
2015-12-14,000605,10:01:47,2,25.51,10,25510
2015-12-14,000605,10:01:41,1,25.51,6,15306
2015-12-14,000605,10:01:35,1,25.51,5,12755
2015-12-14,000605,10:01:32,1,25.51,11,28061
2015-12-14,000605,10:01:26,0,25.57,30,76710
2015-12-14,000605,10:01:23,2,25.59,3,7677
2015-12-14,000605,10:01:20,2,25.59,20,51180
2015-12-14,000605,10:01:11,1,25.59,41,104919
2015-12-14,000605,10:01:05,1,25.59,2,5118
2015-12-14,000605,10:01:02,2,25.63,4,10252
2015-12-14,000605,10:00:59,2,25.63,6,15378
2015-12-14,000605,10:00:53,2,25.63,6,15378
2015-12-14,000605,10:00:50,1,25.6,70,179200
2015-12-14,000605,10:00:47,1,25.6,3,7680
2015-12-14,000605,10:00:44,2,25.6,44,112640
2015-12-14,000605,10:00:38,2,25.6,4,10240
2015-12-14,000605,10:00:32,0,25.59,12,30708
2015-12-14,000605,10:00:26,2,25.59,19,48621
2015-12-14,000605,10:00:23,1,25.49,7,17843
2015-12-14,000605,10:00:20,2,25.59,11,28149
2015-12-14,000605,10:00:11,2,25.59,1,2559
2015-12-14,000605,10:00:08,1,25.6,30,78080
2015-12-14,000605,10:00:05,1,25.63,18,46134
2015-12-14,000605,09:59:59,2,25.66,29,74414
2015-12-14,000605,09:59:56,2,25.65,5,12825
2015-12-14,000605,09:59:53,1,25.65,26,66690
2015-12-14,000605,09:59:50,1,25.65,11,28215
2015-12-14,000605,09:59:47,1,25.66,23,59018
2015-12-14,000605,09:59:41,2,25.66,19,48754
2015-12-14,000605,09:59:38,2,25.66,23,59018
2015-12-14,000605,09:59:32,2,25.65,3,7695
2015-12-14,000605,09:59:29,2,25.65,14,35910
2015-12-14,000605,09:59:26,1,25.6,5,12800
2015-12-14,000605,09:59:23,1,25.6,1,2560
2015-12-14,000605,09:59:20,1,25.6,5,12800
2015-12-14,000605,09:59:17,2,25.53,4,11488
2015-12-14,000605,09:59:14,1,25.48,29,73892
2015-12-14,000605,09:59:11,2,25.6,72,184320
2015-12-14,000605,09:59:08,2,25.48,63,160524
2015-12-14,000605,09:59:05,1,25.48,84,215306
2015-12-14,000605,09:59:02,2,25.52,10,26796
2015-12-14,000605,09:58:59,2,25.5,31,79050
2015-12-14,000605,09:58:53,2,25.5,45,114750
2015-12-14,000605,09:58:44,2,25.5,41,104550
2015-12-14,000605,09:58:41,1,25.4,3,7620
2015-12-14,000605,09:58:38,2,25.45,28,71260
2015-12-14,000605,09:58:32,2,25.33,23,58258
2015-12-14,000605,09:58:29,2,25.3,7,17710
2015-12-14,000605,09:58:20,1,25.28,10,25280
2015-12-14,000605,09:58:17,2,25.28,162,409536
2015-12-14,000605,09:58:11,2,25.23,49,123627
2015-12-14,000605,09:58:05,2,25.28,5,12640
2015-12-14,000605,09:58:02,1,25.22,49,123578
2015-12-14,000605,09:57:59,2,25.25,11,27775
2015-12-14,000605,09:57:56,1,25.21,1,2521
2015-12-14,000605,09:57:50,2,25.21,19,47899
2015-12-14,000605,09:57:41,2,25.2,695,1751400
2015-12-14,000605,09:57:35,2,25.18,9,22662
2015-12-14,000605,09:57:29,2,25.18,1,2518
2015-12-14,000605,09:57:26,2,25.18,16,40288
2015-12-14,000605,09:57:20,1,25.18,9,22662
2015-12-14,000605,09:57:17,1,25.18,6,15108
2015-12-14,000605,09:57:11,2,25.19,79,199001
2015-12-14,000605,09:57:08,2,25.19,1,2519
2015-12-14,000605,09:57:05,1,25.18,120,302160
2015-12-14,000605,09:56:53,2,25.18,3,7554
2015-12-14,000605,09:56:50,2,25.18,22,55396
2015-12-14,000605,09:56:47,2,25.18,6,15108
2015-12-14,000605,09:56:43,1,25.17,10,25170
2015-12-14,000605,09:56:28,2,25.17,41,103197
2015-12-14,000605,09:56:25,1,25.16,4,10064
2015-12-14,000605,09:56:16,1,25.16,3,7548
2015-12-14,000605,09:56:10,2,25.17,16,40272
2015-12-14,000605,09:56:07,2,25.17,59,148503
2015-12-14,000605,09:56:01,1,25.17,95,239115
2015-12-14,000605,09:55:58,1,25.17,10,25170
2015-12-14,000605,09:55:55,1,25.17,7,17619
2015-12-14,000605,09:55:52,1,25.17,4,10068
2015-12-14,000605,09:55:49,2,25.17,29,72993
2015-12-14,000605,09:55:40,2,25.17,30,75510
2015-12-14,000605,09:55:34,0,25.16,4,10064
2015-12-14,000605,09:55:13,2,25.16,6,15096
2015-12-14,000605,09:54:58,0,25.15,21,52815
2015-12-14,000605,09:54:55,1,25.14,9,22626
2015-12-14,000605,09:54:40,2,25.14,19,47766
2015-12-14,000605,09:54:31,2,25.14,4,10056
2015-12-14,000605,09:54:25,0,25.14,15,37710
2015-12-14,000605,09:54:22,2,25.16,51,128316
2015-12-14,000605,09:54:04,1,25.16,4,12479
2015-12-14,000605,09:53:46,2,25.17,4,10068
2015-12-14,000605,09:53:31,2,25.17,3,7551
2015-12-14,000605,09:53:25,1,25.16,10,25160
2015-12-14,000605,09:53:19,2,25.17,27,67959
2015-12-14,000605,09:53:16,2,25.17,2,5034
2015-12-14,000605,09:53:13,2,25.17,29,72993
2015-12-14,000605,09:53:07,2,25.17,27,67959
2015-12-14,000605,09:53:04,1,25.17,13,32721
2015-12-14,000605,09:53:01,1,25.17,6,15102
2015-12-14,000605,09:52:58,2,25.18,20,50360
2015-12-14,000605,09:52:55,1,25.17,20,50340
2015-12-14,000605,09:52:49,1,25.17,6,15102
2015-12-14,000605,09:52:43,2,25.17,16,40272
2015-12-14,000605,09:52:31,2,25.16,95,239120
2015-12-14,000605,09:52:19,2,25.14,3,7542
2015-12-14,000605,09:52:13,2,25.14,2,5028
2015-12-14,000605,09:52:07,1,25.14,14,35196
2015-12-14,000605,09:52:04,2,25.15,2,5030
2015-12-14,000605,09:51:58,2,25.15,1,2515
2015-12-14,000605,09:51:49,2,25.15,4,10060
2015-12-14,000605,09:51:46,2,25.15,22,55330
2015-12-14,000605,09:51:40,2,25.15,6,15090
2015-12-14,000605,09:51:28,2,25.15,1,2515
2015-12-14,000605,09:51:22,1,25.14,2,5028
2015-12-14,000605,09:51:19,0,25.14,5,12570
2015-12-14,000605,09:51:13,1,25.13,5,12565
2015-12-14,000605,09:51:10,1,25.13,8,20104
2015-12-14,000605,09:51:07,2,25.15,2,5030
2015-12-14,000605,09:51:01,1,25.13,9,22617
2015-12-14,000605,09:50:52,0,25.15,3,7545
2015-12-14,000605,09:50:40,1,25.14,5,12570
2015-12-14,000605,09:50:31,2,25.16,150,377400
2015-12-14,000605,09:50:28,1,25.14,61,153354
2015-12-14,000605,09:50:22,1,25.15,31,80379
2015-12-14,000605,09:50:16,1,25.15,6,15090
2015-12-14,000605,09:50:13,2,25.16,1,2516
2015-12-14,000605,09:50:10,2,25.16,4,10064
2015-12-14,000605,09:50:04,1,25.16,18,45288
2015-12-14,000605,09:50:01,1,25.16,10,25160
2015-12-14,000605,09:49:58,1,25.16,10,25160
2015-12-14,000605,09:49:55,1,25.16,5,12580
2015-12-14,000605,09:49:52,2,25.17,1,2517
2015-12-14,000605,09:49:43,2,25.17,24,60408
2015-12-14,000605,09:49:40,1,25.15,3,7545
2015-12-14,000605,09:49:28,1,25.15,12,30180
2015-12-14,000605,09:49:22,2,25.17,8,20136
2015-12-14,000605,09:49:16,1,25.15,60,150900
2015-12-14,000605,09:49:07,2,25.17,5,12585
2015-12-14,000605,09:49:04,2,25.16,51,128844
2015-12-14,000605,09:49:01,2,25.16,105,264180
2015-12-14,000605,09:48:46,1,25.16,15,39727
2015-12-14,000605,09:48:43,2,25.17,27,68487
2015-12-14,000605,09:48:28,0,25.17,7,17619
2015-12-14,000605,09:48:16,1,25.16,3,7548
2015-12-14,000605,09:48:13,2,25.18,54,135972
2015-12-14,000605,09:48:07,2,25.18,8,20144
2015-12-14,000605,09:48:04,1,25.18,9,22662
2015-12-14,000605,09:48:01,2,25.19,32,80608
2015-12-14,000605,09:47:55,1,25.18,2,5036
2015-12-14,000605,09:47:52,2,25.19,24,60456
2015-12-14,000605,09:47:46,2,25.19,20,50380
2015-12-14,000605,09:47:37,2,25.19,107,269533
2015-12-14,000605,09:47:34,2,25.19,79,199001
2015-12-14,000605,09:47:31,0,25.18,6,15108
2015-12-14,000605,09:47:28,2,25.19,7,17633
2015-12-14,000605,09:47:25,2,25.19,5,12595
2015-12-14,000605,09:47:22,2,25.19,12,30228
2015-12-14,000605,09:47:19,2,25.19,47,118393
2015-12-14,000605,09:47:16,1,25.16,13,32708
2015-12-14,000605,09:47:13,2,25.2,78,196560
2015-12-14,000605,09:47:10,2,25.2,18,45360
2015-12-14,000605,09:47:07,2,25.2,2,5040
2015-12-14,000605,09:47:04,1,25.16,5,12580
2015-12-14,000605,09:46:58,1,25.19,2,5038
2015-12-14,000605,09:46:55,1,25.15,3,7545
2015-12-14,000605,09:46:52,1,25.15,34,85510
2015-12-14,000605,09:46:49,1,25.15,20,50300
2015-12-14,000605,09:46:43,2,25.15,20,52387
2015-12-14,000605,09:46:40,2,25.15,5,12575
2015-12-14,000605,09:46:37,2,25.15,58,145870
2015-12-14,000605,09:46:31,2,25.15,5,12575
2015-12-14,000605,09:46:28,2,25.15,66,165990
2015-12-14,000605,09:46:25,1,25.14,8,20112
2015-12-14,000605,09:46:19,2,25.15,2,5030
2015-12-14,000605,09:46:16,1,25.14,20,50280
2015-12-14,000605,09:46:10,1,25.14,4,10056
2015-12-14,000605,09:46:07,2,25.14,4,10056
2015-12-14,000605,09:46:04,2,25.14,10,25140
2015-12-14,000605,09:45:55,2,25.14,7,17598
2015-12-14,000605,09:45:52,1,25.13,20,50260
2015-12-14,000605,09:45:49,2,25.14,7,17598
2015-12-14,000605,09:45:43,1,25.14,21,52794
2015-12-14,000605,09:45:40,1,25.14,52,130728
2015-12-14,000605,09:45:31,2,25.14,7,17598
2015-12-14,000605,09:45:25,0,25.14,1,2514
2015-12-14,000605,09:45:19,1,25.11,4,10044
2015-12-14,000605,09:45:16,2,25.15,8,20120
2015-12-14,000605,09:45:04,1,25.13,49,123137
2015-12-14,000605,09:44:55,1,25.14,5,12570
2015-12-14,000605,09:44:52,2,25.15,1,2515
2015-12-14,000605,09:44:49,2,25.15,11,27665
2015-12-14,000605,09:44:46,2,25.15,110,276650
2015-12-14,000605,09:44:37,2,25.15,10,25150
2015-12-14,000605,09:44:34,2,25.15,102,256530
2015-12-14,000605,09:44:28,2,25.14,4,10056
2015-12-14,000605,09:44:22,0,25.14,4,10056
2015-12-14,000605,09:44:19,2,25.15,6,15090
2015-12-14,000605,09:44:16,2,25.15,30,75450
2015-12-14,000605,09:44:07,2,25.15,5,12575
2015-12-14,000605,09:44:01,2,25.15,46,115690
2015-12-14,000605,09:43:55,1,25.13,7,17591
2015-12-14,000605,09:43:46,2,25.15,6,15090
2015-12-14,000605,09:43:34,0,25.13,1,2513
2015-12-14,000605,09:43:13,2,25.15,25,62875
2015-12-14,000605,09:43:10,1,25.1,5,12550
2015-12-14,000605,09:42:55,1,25.1,10,25100
2015-12-14,000605,09:42:52,2,25.14,65,163410
2015-12-14,000605,09:42:40,1,25.1,10,25100
2015-12-14,000605,09:42:28,1,25.1,9,22590
2015-12-14,000605,09:42:22,2,25.14,35,87990
2015-12-14,000605,09:42:19,0,25.1,6,15060
2015-12-14,000605,09:42:10,2,25.11,10,25110
2015-12-14,000605,09:42:07,2,25.11,50,125550
2015-12-14,000605,09:41:52,2,25.11,113,283743
2015-12-14,000605,09:41:46,1,25.08,1,2508
2015-12-14,000605,09:41:43,2,25.07,4,10028
2015-12-14,000605,09:41:34,1,25.07,13,32591
2015-12-14,000605,09:41:28,2,25.11,11,27621
2015-12-14,000605,09:41:25,0,25.11,4,10044
2015-12-14,000605,09:41:10,1,25.08,28,70224
2015-12-14,000605,09:41:01,2,25.15,134,337010
2015-12-14,000605,09:40:46,2,25.15,6,15090
2015-12-14,000605,09:40:40,2,25.15,37,93055
2015-12-14,000605,09:40:31,2,25.15,33,82995
2015-12-14,000605,09:40:22,0,25.14,2,5028
2015-12-14,000605,09:40:07,2,25.15,35,88025
2015-12-14,000605,09:40:01,1,25.14,5,12570
2015-12-14,000605,09:39:52,2,25.15,30,75450
2015-12-14,000605,09:39:37,2,25.15,5,12575
2015-12-14,000605,09:39:31,1,25.06,152,380912
2015-12-14,000605,09:39:28,2,25.15,14,35210
2015-12-14,000605,09:39:22,2,25.15,30,75450
2015-12-14,000605,09:39:16,1,25.14,2,5028
2015-12-14,000605,09:39:13,2,25.15,10,25150
2015-12-14,000605,09:39:10,0,25.14,1,2514
2015-12-14,000605,09:39:04,2,25.15,26,65389
2015-12-14,000605,09:38:46,2,25.14,22,55308
2015-12-14,000605,09:38:37,2,25.14,5,12570
2015-12-14,000605,09:38:31,1,25.06,1,2506
2015-12-14,000605,09:38:28,2,25.14,4,10056
2015-12-14,000605,09:38:16,2,25.09,1,2509
2015-12-14,000605,09:38:13,1,25.11,3,7533
2015-12-14,000605,09:38:10,1,25.11,2,5022
2015-12-14,000605,09:38:07,2,25.13,20,50260
2015-12-14,000605,09:38:01,2,25.09,7,17563
2015-12-14,000605,09:37:58,1,25.1,3,7530
2015-12-14,000605,09:37:52,2,25.1,38,95380
2015-12-14,000605,09:37:49,1,25.09,10,25090
2015-12-14,000605,09:37:40,1,25.09,11,27599
2015-12-14,000605,09:37:34,1,25.09,3,7527
2015-12-14,000605,09:37:28,2,25.09,8,20072
2015-12-14,000605,09:37:19,2,25.09,3,7527
2015-12-14,000605,09:37:13,2,25.09,8,20072
2015-12-14,000605,09:37:10,2,25.09,12,30108
2015-12-14,000605,09:37:07,1,25.09,25,62725
2015-12-14,000605,09:36:55,1,25.09,6,15054
2015-12-14,000605,09:36:52,2,25.09,64,160576
2015-12-14,000605,09:36:46,2,25.09,9,22581
2015-12-14,000605,09:36:40,2,25.09,20,50180
2015-12-14,000605,09:36:37,2,25.09,10,25090
2015-12-14,000605,09:36:28,2,25.09,17,42653
2015-12-14,000605,09:36:10,0,25.08,7,17556
2015-12-14,000605,09:36:04,1,25.02,100,250200
2015-12-14,000605,09:35:48,0,25.04,31,77624
2015-12-14,000605,09:35:42,2,25.09,23,57707
2015-12-14,000605,09:35:39,2,25.09,12,30108
2015-12-14,000605,09:35:36,1,25.02,53,132606
2015-12-14,000605,09:35:33,2,25.09,20,50180
2015-12-14,000605,09:35:27,1,25.03,3,7509
2015-12-14,000605,09:35:24,2,25.09,2,5018
2015-12-14,000605,09:35:15,1,25.09,6,15054
2015-12-14,000605,09:35:00,1,25.09,2,5018
2015-12-14,000605,09:34:54,2,25.12,35,87920
2015-12-14,000605,09:34:51,1,25.09,15,37635
2015-12-14,000605,09:34:48,1,25.09,1,2509
2015-12-14,000605,09:34:42,1,25.09,10,25090
2015-12-14,000605,09:34:33,2,25.09,10,25090
2015-12-14,000605,09:34:27,2,25.13,22,55286
2015-12-14,000605,09:34:24,1,25.02,10,25020
2015-12-14,000605,09:34:21,1,25.09,74,185666
2015-12-14,000605,09:34:12,0,25.12,3,7536
2015-12-14,000605,09:34:09,2,25.13,31,77903
2015-12-14,000605,09:34:06,0,25.11,8,20088
2015-12-14,000605,09:34:00,2,25.13,30,75390
2015-12-14,000605,09:33:57,1,25.13,26,65338
2015-12-14,000605,09:33:54,1,25.13,7,17591
2015-12-14,000605,09:33:48,1,25.13,15,37695
2015-12-14,000605,09:33:45,2,25.14,29,72906
2015-12-14,000605,09:33:42,2,25.14,64,160896
2015-12-14,000605,09:33:33,1,25.13,4,10052
2015-12-14,000605,09:33:27,2,25.14,37,93018
2015-12-14,000605,09:33:24,2,25.13,16,40208
2015-12-14,000605,09:33:21,0,25.13,15,37695
2015-12-14,000605,09:33:18,2,25.14,6,15084
2015-12-14,000605,09:33:15,2,25.13,26,65338
2015-12-14,000605,09:33:12,2,25.1,2,5020
2015-12-14,000605,09:33:09,1,25.1,30,75300
2015-12-14,000605,09:33:06,1,25.12,4,10048
2015-12-14,000605,09:33:00,2,25.12,5,12560
2015-12-14,000605,09:32:57,2,25.12,17,42704
2015-12-14,000605,09:32:54,1,25.1,12,30120
2015-12-14,000605,09:32:51,2,25.12,6,15072
2015-12-14,000605,09:32:48,2,25.12,7,17584
2015-12-14,000605,09:32:36,1,24.99,6,14993
2015-12-14,000605,09:32:33,2,25.1,17,42670
2015-12-14,000605,09:32:27,1,24.99,18,44982
2015-12-14,000605,09:32:24,2,24.99,19,47481
2015-12-14,000605,09:32:21,1,24.98,30,74940
2015-12-14,000605,09:32:15,2,24.99,17,42483
2015-12-14,000605,09:32:12,2,24.99,11,27489
2015-12-14,000605,09:32:06,1,24.95,5,12475
2015-12-14,000605,09:32:00,2,24.98,27,67446
2015-12-14,000605,09:31:57,2,24.97,27,67419
2015-12-14,000605,09:31:51,2,24.97,5,12485
2015-12-14,000605,09:31:48,1,24.85,10,24850
2015-12-14,000605,09:31:42,2,24.97,47,117359
2015-12-14,000605,09:31:39,2,24.97,5,12485
2015-12-14,000605,09:31:30,2,24.97,5,12485
2015-12-14,000605,09:31:27,2,24.97,15,37455
2015-12-14,000605,09:31:24,1,24.83,2,4966
2015-12-14,000605,09:31:21,1,24.82,42,104244
2015-12-14,000605,09:31:09,2,24.98,5,12490
2015-12-14,000605,09:31:03,1,24.82,4,9928
2015-12-14,000605,09:31:00,0,24.98,21,52458
2015-12-14,000605,09:30:51,2,24.99,3,7496
2015-12-14,000605,09:30:42,1,24.99,3,7496
2015-12-14,000605,09:30:36,2,24.99,2,4998
2015-12-14,000605,09:30:27,2,24.99,1,2499
2015-12-14,000605,09:30:18,0,24.99,2,4998
2015-12-14,000605,09:30:12,2,25.0,3,7500
2015-12-14,000605,09:30:09,1,25.0,88,220000
2015-12-14,000605,09:30:03,1,25.0,172,430000
2015-12-14,000605,09:25:03,2,25.15,424,1066360
2015-12-11,000605,15:00:20,2,24.9,667,1660830
2015-12-11,000605,14:56:53,1,24.88,7,17416
2015-12-11,000605,14:56:47,2,24.91,42,104622
2015-12-11,000605,14:56:41,1,24.89,94,233966
2015-12-11,000605,14:56:38,1,24.89,2,4978
2015-12-11,000605,14:56:32,2,24.89,34,84626
2015-12-11,000605,14:56:23,2,24.89,144,358416
2015-12-11,000605,14:56:20,0,24.89,7,17423
2015-12-11,000605,14:56:17,2,24.9,60,149400
2015-12-11,000605,14:56:05,1,24.88,1,2488
2015-12-11,000605,14:55:56,1,24.88,3,7464
2015-12-11,000605,14:55:50,2,24.88,28,70360
2015-12-11,000605,14:55:47,1,24.81,120,299506
2015-12-11,000605,14:55:44,2,24.88,30,74640
2015-12-11,000605,14:55:41,1,24.83,12,29795
2015-12-11,000605,14:55:35,2,24.86,8,19888
2015-12-11,000605,14:55:32,2,24.84,37,91908
2015-12-11,000605,14:55:29,0,24.84,8,19872
2015-12-11,000605,14:55:26,2,24.86,30,74580
2015-12-11,000605,14:55:23,2,24.86,5,12430
2015-12-11,000605,14:55:17,1,24.84,2,4968
2015-12-11,000605,14:55:02,1,24.86,26,64636
2015-12-11,000605,14:54:47,2,24.86,22,54692
2015-12-11,000605,14:54:35,2,24.86,20,49720
2015-12-11,000605,14:54:32,1,24.83,12,29795
2015-12-11,000605,14:54:23,1,24.83,32,79456
2015-12-11,000605,14:54:14,1,24.86,37,91982
2015-12-11,000605,14:54:11,1,24.86,13,32318
2015-12-11,000605,14:54:08,2,24.87,4,9948
2015-12-11,000605,14:54:05,2,24.87,9,22383
2015-12-11,000605,14:53:59,1,24.87,176,437712
2015-12-11,000605,14:53:53,2,24.9,36,89640
2015-12-11,000605,14:53:50,2,24.9,3,7470
2015-12-11,000605,14:53:44,2,24.9,3,7470
2015-12-11,000605,14:53:32,2,24.9,9,22410
2015-12-11,000605,14:53:17,2,24.9,19,47310
2015-12-11,000605,14:53:14,1,24.9,10,24900
2015-12-11,000605,14:53:11,1,24.9,9,22410
2015-12-11,000605,14:53:08,0,24.9,1,2490
2015-12-11,000605,14:53:05,1,24.89,8,19912
2015-12-11,000605,14:53:02,1,24.89,34,84626
2015-12-11,000605,14:52:44,2,24.92,24,59808
2015-12-11,000605,14:52:32,2,24.91,1,2491
2015-12-11,000605,14:52:23,1,24.91,6,14946
2015-12-11,000605,14:52:20,1,24.91,27,67257
2015-12-11,000605,14:52:17,2,24.92,14,34888
2015-12-11,000605,14:52:11,1,24.88,51,126888
2015-12-11,000605,14:52:05,2,24.91,3,7473
2015-12-11,000605,14:51:56,0,24.88,1,2488
2015-12-11,000605,14:51:35,2,24.92,15,37380
2015-12-11,000605,14:51:32,2,24.88,1,2488
2015-12-11,000605,14:51:20,1,24.88,10,24880
2015-12-11,000605,14:51:05,2,24.91,45,112095
2015-12-11,000605,14:51:02,1,24.88,3,7464
2015-12-11,000605,14:50:56,2,24.92,3,7476
2015-12-11,000605,14:50:53,2,24.92,4,9968
2015-12-11,000605,14:50:41,0,24.92,7,17444
2015-12-11,000605,14:50:26,0,24.93,4,9972
2015-12-11,000605,14:50:02,2,24.88,12,29856
2015-12-11,000605,14:49:53,2,24.87,30,74610
2015-12-11,000605,14:49:47,1,24.87,60,149220
2015-12-11,000605,14:49:44,0,24.88,4,9952
2015-12-11,000605,14:49:32,1,24.87,12,29844
2015-12-11,000605,14:49:26,1,24.87,20,49740
2015-12-11,000605,14:49:23,1,24.87,1,2487
2015-12-11,000605,14:49:08,1,24.87,20,49740
2015-12-11,000605,14:48:59,2,24.97,21,52437
2015-12-11,000605,14:48:56,0,24.94,1,2494
2015-12-11,000605,14:48:38,2,24.97,50,124850
2015-12-11,000605,14:48:32,2,24.97,150,374550
2015-12-11,000605,14:48:29,2,24.92,17,42364
2015-12-11,000605,14:48:16,2,24.97,7,17479
2015-12-11,000605,14:48:10,1,24.92,1,2492
2015-12-11,000605,14:48:07,1,24.92,3,7476
2015-12-11,000605,14:47:55,0,24.92,1,2492
2015-12-11,000605,14:47:43,1,24.86,1,2486
2015-12-11,000605,14:47:37,2,24.98,14,34972
2015-12-11,000605,14:47:34,2,24.92,8,19936
2015-12-11,000605,14:47:28,0,24.85,50,124250
2015-12-11,000605,14:47:04,1,24.93,2,4986
2015-12-11,000605,14:47:01,2,24.99,10,24990
2015-12-11,000605,14:46:55,2,24.99,2,4998
2015-12-11,000605,14:46:43,1,24.83,14,34762
2015-12-11,000605,14:46:40,2,24.99,1,2499
2015-12-11,000605,14:46:25,0,24.99,4,9996
2015-12-11,000605,14:46:04,2,25.0,5,12500
2015-12-11,000605,14:45:49,2,24.97,30,74910
2015-12-11,000605,14:45:40,1,24.81,148,367188
2015-12-11,000605,14:45:31,2,24.94,5,13168
2015-12-11,000605,14:45:16,2,24.94,40,99760
2015-12-11,000605,14:45:10,1,24.93,22,56640
2015-12-11,000605,14:45:07,1,24.93,5,12465
2015-12-11,000605,14:45:01,2,24.93,42,105404
2015-12-11,000605,14:44:55,2,24.9,40,99600
2015-12-11,000605,14:44:37,1,24.83,153,379899
2015-12-11,000605,14:44:34,1,24.83,2,4966
2015-12-11,000605,14:44:19,2,24.9,4,9960
2015-12-11,000605,14:44:01,2,24.9,4,9960
2015-12-11,000605,14:43:55,1,24.83,20,49660
2015-12-11,000605,14:43:49,2,24.87,5,12435
2015-12-11,000605,14:43:37,1,24.8,30,74400
2015-12-11,000605,14:43:34,2,24.85,49,121765
2015-12-11,000605,14:43:28,1,24.8,4,9920
2015-12-11,000605,14:43:19,0,24.83,4,9932
2015-12-11,000605,14:43:01,1,24.8,10,24800
2015-12-11,000605,14:42:58,2,24.83,7,17381
2015-12-11,000605,14:42:52,1,24.8,19,47120
2015-12-11,000605,14:42:46,2,24.83,5,12415
2015-12-11,000605,14:42:37,1,24.83,288,715104
2015-12-11,000605,14:42:34,2,24.92,2,4984
2015-12-11,000605,14:42:10,2,24.92,5,12460
2015-12-11,000605,14:41:49,2,24.92,16,39872
2015-12-11,000605,14:41:37,1,24.87,5,12435
2015-12-11,000605,14:41:31,2,24.87,3,7461
2015-12-11,000605,14:41:28,2,24.87,3,7461
2015-12-11,000605,14:41:25,1,24.86,21,52206
2015-12-11,000605,14:41:22,2,24.87,50,124350
2015-12-11,000605,14:41:13,1,24.86,47,116842
2015-12-11,000605,14:41:10,1,24.86,24,59664
2015-12-11,000605,14:40:52,1,24.87,54,134298
2015-12-11,000605,14:40:43,2,24.92,31,77252
2015-12-11,000605,14:40:40,1,24.88,10,24880
2015-12-11,000605,14:40:37,2,24.88,30,74640
2015-12-11,000605,14:40:31,2,24.88,2,4976
2015-12-11,000605,14:40:22,2,24.88,35,87080
2015-12-11,000605,14:40:07,1,24.88,33,82104
2015-12-11,000605,14:39:52,2,24.94,2,4988
2015-12-11,000605,14:39:46,1,24.88,1,2488
2015-12-11,000605,14:39:19,1,24.88,1,2488
2015-12-11,000605,14:39:13,1,24.88,10,24880
2015-12-11,000605,14:39:04,2,24.97,4,9988
2015-12-11,000605,14:38:52,1,24.88,3,7464
2015-12-11,000605,14:38:19,1,24.88,30,74640
2015-12-11,000605,14:37:58,2,24.9,12,29880
2015-12-11,000605,14:37:49,2,24.9,20,49800
2015-12-11,000605,14:37:43,1,24.89,70,174230
2015-12-11,000605,14:37:34,2,24.9,10,24900
2015-12-11,000605,14:37:25,1,24.9,70,174300
2015-12-11,000605,14:37:22,1,24.9,122,303780
2015-12-11,000605,14:37:16,1,24.9,7,17430
2015-12-11,000605,14:37:10,2,24.98,5,12490
2015-12-11,000605,14:37:04,1,24.9,28,69720
2015-12-11,000605,14:36:55,2,24.9,42,104580
2015-12-11,000605,14:36:43,2,24.9,15,37350
2015-12-11,000605,14:36:37,1,24.9,38,94620
2015-12-11,000605,14:36:25,2,24.9,14,34860
2015-12-11,000605,14:36:22,2,24.9,2,4980
2015-12-11,000605,14:36:13,1,24.89,5,12445
2015-12-11,000605,14:36:10,2,24.92,13,32396
2015-12-11,000605,14:35:55,1,24.92,8,19936
2015-12-11,000605,14:35:52,1,24.92,2,4984
2015-12-11,000605,14:35:49,2,24.92,4,9968
2015-12-11,000605,14:35:37,2,24.92,6,14952
2015-12-11,000605,14:35:19,2,24.92,5,12460
2015-12-11,000605,14:35:16,2,24.92,31,77252
2015-12-11,000605,14:35:13,1,24.89,2,4978
2015-12-11,000605,14:35:04,2,24.92,2,4984
2015-12-11,000605,14:34:40,2,24.92,1,2492
2015-12-11,000605,14:34:34,0,24.9,2,4980
2015-12-11,000605,14:34:22,2,24.92,50,124600
2015-12-11,000605,14:34:16,1,24.9,31,77190
2015-12-11,000605,14:34:10,1,24.9,76,189240
2015-12-11,000605,14:34:07,1,24.9,2,4980
2015-12-11,000605,14:34:04,2,24.92,135,336420
2015-12-11,000605,14:34:01,1,24.9,2,4980
2015-12-11,000605,14:33:58,2,24.92,62,154504
2015-12-11,000605,14:33:49,2,24.9,31,77190
2015-12-11,000605,14:33:43,2,24.9,13,32369
2015-12-11,000605,14:33:31,2,24.9,6,14940
2015-12-11,000605,14:33:28,2,24.9,30,74700
2015-12-11,000605,14:33:19,1,24.9,100,249000
2015-12-11,000605,14:33:10,2,24.92,10,24920
2015-12-11,000605,14:32:43,2,24.92,42,104664
2015-12-11,000605,14:32:01,2,24.92,4,9968
2015-12-11,000605,14:31:31,2,24.88,9,22392
2015-12-11,000605,14:31:19,2,24.88,1,2488
2015-12-11,000605,14:31:16,2,24.88,4,9952
2015-12-11,000605,14:31:13,1,24.88,26,64688
2015-12-11,000605,14:31:10,1,24.88,28,69664
2015-12-11,000605,14:30:55,1,24.88,10,24880
2015-12-11,000605,14:30:43,1,24.88,4,9952
2015-12-11,000605,14:30:40,2,24.92,7,17444
2015-12-11,000605,14:30:37,2,24.92,5,12460
2015-12-11,000605,14:30:34,1,24.88,20,49760
2015-12-11,000605,14:30:31,2,24.92,8,19936
2015-12-11,000605,14:30:28,2,24.92,7,17444
2015-12-11,000605,14:30:07,2,24.89,4,9956
2015-12-11,000605,14:30:01,1,24.88,1,2488
2015-12-11,000605,14:29:46,2,24.89,10,24890
2015-12-11,000605,14:29:37,2,24.89,5,12445
2015-12-11,000605,14:29:31,1,24.88,6,14928
2015-12-11,000605,14:29:22,1,24.89,8,19912
2015-12-11,000605,14:29:10,1,24.89,3,7467
2015-12-11,000605,14:29:07,1,24.89,33,82137
2015-12-11,000605,14:29:01,1,24.89,19,47291
2015-12-11,000605,14:28:58,2,24.92,12,29904
2015-12-11,000605,14:28:55,1,24.89,83,206587
2015-12-11,000605,14:28:49,1,24.89,4,9956
2015-12-11,000605,14:28:28,1,24.92,32,79744
2015-12-11,000605,14:28:25,0,24.92,106,264152
2015-12-11,000605,14:28:13,1,24.89,19,47291
2015-12-11,000605,14:27:49,1,24.98,11,27478
2015-12-11,000605,14:27:46,1,24.98,99,247302
2015-12-11,000605,14:27:39,2,24.98,8,19984
2015-12-11,000605,14:27:24,1,24.89,13,32357
2015-12-11,000605,14:27:15,2,24.98,11,27478
2015-12-11,000605,14:26:33,2,24.92,7,17444
2015-12-11,000605,14:26:21,1,24.9,1,2490
2015-12-11,000605,14:26:15,0,24.9,6,14940
2015-12-11,000605,14:26:03,1,24.86,5,12430
2015-12-11,000605,14:25:48,2,24.92,47,117124
2015-12-11,000605,14:25:30,1,24.86,5,12430
2015-12-11,000605,14:25:21,2,24.86,30,74580
2015-12-11,000605,14:25:18,1,24.85,18,44730
2015-12-11,000605,14:25:15,2,24.86,6,14916
2015-12-11,000605,14:25:06,2,24.86,6,14916
2015-12-11,000605,14:25:03,1,24.85,8,19880
2015-12-11,000605,14:24:54,1,24.85,2,4970
2015-12-11,000605,14:24:39,1,24.85,25,62125
2015-12-11,000605,14:24:30,1,24.86,29,72094
2015-12-11,000605,14:24:27,1,24.86,15,37290
2015-12-11,000605,14:24:09,1,24.86,4,9944
2015-12-11,000605,14:23:48,2,24.89,11,27379
2015-12-11,000605,14:23:45,1,24.88,9,22392
2015-12-11,000605,14:23:39,2,24.89,5,12445
2015-12-11,000605,14:23:36,1,24.89,3,7467
2015-12-11,000605,14:23:18,2,24.92,11,27412
2015-12-11,000605,14:23:15,1,24.89,3,7467
2015-12-11,000605,14:23:00,1,24.89,20,49780
2015-12-11,000605,14:22:54,2,24.92,21,52332
2015-12-11,000605,14:22:36,0,24.92,9,22428
2015-12-11,000605,14:22:06,2,25.0,28,70000
2015-12-11,000605,14:21:54,1,24.92,5,12460
2015-12-11,000605,14:21:48,2,24.92,1,2492
2015-12-11,000605,14:21:36,2,24.88,15,37320
2015-12-11,000605,14:21:27,1,24.86,12,29832
2015-12-11,000605,14:21:24,2,24.88,2,4976
2015-12-11,000605,14:21:21,1,24.88,31,77128
2015-12-11,000605,14:21:15,2,24.92,9,22428
2015-12-11,000605,14:21:12,1,24.88,6,14928
2015-12-11,000605,14:21:06,2,25.05,1,2505
2015-12-11,000605,14:20:45,2,24.88,1,2488
2015-12-11,000605,14:20:42,1,24.88,15,37320
2015-12-11,000605,14:20:36,2,25.05,30,75150
2015-12-11,000605,14:20:30,2,24.93,14,34902
2015-12-11,000605,14:20:24,2,24.93,22,54846
2015-12-11,000605,14:20:21,1,24.92,4,9968
2015-12-11,000605,14:20:09,1,24.95,4,9980
2015-12-11,000605,14:20:03,2,25.05,41,102705
2015-12-11,000605,14:19:57,1,24.92,1,2492
2015-12-11,000605,14:19:45,1,24.95,1,2495
2015-12-11,000605,14:19:42,0,24.95,1,2495
2015-12-11,000605,14:19:33,1,24.9,19,47310
2015-12-11,000605,14:19:30,1,24.9,3,7470
2015-12-11,000605,14:19:24,0,24.9,10,24900
2015-12-11,000605,14:19:15,2,24.91,5,12455
2015-12-11,000605,14:19:09,2,24.91,10,24910
2015-12-11,000605,14:19:06,1,24.9,17,42330
2015-12-11,000605,14:18:57,1,24.9,60,149400
2015-12-11,000605,14:18:54,1,24.95,7,17465
2015-12-11,000605,14:18:51,0,24.98,17,42466
2015-12-11,000605,14:18:42,1,24.98,36,89928
2015-12-11,000605,14:18:36,0,24.98,4,9992
2015-12-11,000605,14:18:27,1,24.91,1,2491
2015-12-11,000605,14:18:24,2,24.91,1,2491
2015-12-11,000605,14:18:18,2,25.06,15,37590
2015-12-11,000605,14:18:15,1,24.91,1,2491
2015-12-11,000605,14:18:09,0,24.91,9,22419
2015-12-11,000605,14:17:54,1,24.89,44,109516
2015-12-11,000605,14:17:45,1,24.91,6,14946
2015-12-11,000605,14:17:42,1,24.91,5,12455
2015-12-11,000605,14:17:36,1,24.91,5,12455
2015-12-11,000605,14:17:33,1,24.91,1,2491
2015-12-11,000605,14:17:21,2,24.91,8,19928
2015-12-11,000605,14:17:15,2,24.91,2,4982
2015-12-11,000605,14:17:03,1,24.98,3,7494
2015-12-11,000605,14:17:00,1,24.98,18,44964
2015-12-11,000605,14:16:54,1,24.98,173,432154
2015-12-11,000605,14:16:45,2,24.98,8,19984
2015-12-11,000605,14:16:33,2,24.89,2,4978
2015-12-11,000605,14:16:27,1,24.88,1,2488
2015-12-11,000605,14:16:24,2,24.88,1,2488
2015-12-11,000605,14:16:21,1,24.84,6,14904
2015-12-11,000605,14:16:03,0,24.85,3,7455
2015-12-11,000605,14:15:42,1,24.85,5,12425
2015-12-11,000605,14:15:36,2,24.89,15,37335
2015-12-11,000605,14:15:33,2,24.86,14,34804
2015-12-11,000605,14:15:27,2,24.86,100,248600
2015-12-11,000605,14:15:21,1,24.86,18,44748
2015-12-11,000605,14:15:09,1,24.86,150,372900
2015-12-11,000605,14:15:06,1,24.88,8,19904
2015-12-11,000605,14:14:39,0,24.91,12,29892
2015-12-11,000605,14:14:36,2,24.93,11,27423
2015-12-11,000605,14:14:33,1,24.9,6,14940
2015-12-11,000605,14:14:27,1,24.9,66,164340
2015-12-11,000605,14:14:24,1,24.91,2,4982
2015-12-11,000605,14:14:21,2,24.9,12,29880
2015-12-11,000605,14:14:18,2,24.9,10,24900
2015-12-11,000605,14:14:15,1,24.9,21,52290
2015-12-11,000605,14:14:09,1,24.9,36,89640
2015-12-11,000605,14:14:06,2,24.91,1,2491
2015-12-11,000605,14:14:00,1,24.88,48,119424
2015-12-11,000605,14:13:57,1,24.91,1,2491
2015-12-11,000605,14:13:51,1,24.9,4,9960
2015-12-11,000605,14:13:42,1,24.9,9,22410
2015-12-11,000605,14:13:39,1,24.9,32,79680
2015-12-11,000605,14:13:33,2,24.9,4,9960
2015-12-11,000605,14:13:24,2,24.9,20,49800
2015-12-11,000605,14:13:21,1,24.89,5,12445
2015-12-11,000605,14:13:12,2,24.9,1,2490
2015-12-11,000605,14:13:09,1,24.89,1,2489
2015-12-11,000605,14:13:00,2,24.9,10,24900
2015-12-11,000605,14:12:57,1,24.9,3,7470
2015-12-11,000605,14:12:54,2,24.91,10,24910
2015-12-11,000605,14:12:51,1,24.9,26,64739
2015-12-11,000605,14:12:48,2,24.91,5,12455
2015-12-11,000605,14:12:45,1,24.91,49,122059
2015-12-11,000605,14:12:42,1,24.91,198,493218
2015-12-11,000605,14:12:33,1,24.92,2,4984
2015-12-11,000605,14:12:30,1,24.92,18,44856
2015-12-11,000605,14:12:24,1,24.93,10,24930
2015-12-11,000605,14:12:18,1,24.95,2,4990
2015-12-11,000605,14:12:15,1,24.95,15,37425
2015-12-11,000605,14:12:09,1,24.95,5,12475
2015-12-11,000605,14:12:06,2,24.95,10,24950
2015-12-11,000605,14:11:57,1,25.0,1,2500
2015-12-11,000605,14:11:54,1,25.0,20,50000
2015-12-11,000605,14:11:51,1,25.0,1,2500
2015-12-11,000605,14:11:48,2,25.0,13,32500
2015-12-11,000605,14:11:45,1,24.95,1,2495
2015-12-11,000605,14:11:36,1,25.0,7,17500
2015-12-11,000605,14:11:30,1,25.0,3,7500
2015-12-11,000605,14:11:27,2,25.01,27,67527
2015-12-11,000605,14:11:15,1,25.0,3,7500
2015-12-11,000605,14:11:09,0,25.01,20,50020
2015-12-11,000605,14:11:00,1,25.0,27,67500
2015-12-11,000605,14:10:57,2,25.01,15,37515
2015-12-11,000605,14:10:51,1,25.01,11,27511
2015-12-11,000605,14:10:48,1,25.01,1,2501
2015-12-11,000605,14:10:45,2,25.02,27,67554
2015-12-11,000605,14:10:42,2,25.02,3,7506
2015-12-11,000605,14:10:39,1,25.02,34,85068
2015-12-11,000605,14:10:36,2,25.04,32,80128
2015-12-11,000605,14:10:30,2,25.04,4,10016
2015-12-11,000605,14:10:27,1,25.04,15,37560
2015-12-11,000605,14:10:21,1,25.04,33,82632
2015-12-11,000605,14:10:18,1,25.03,44,110132
2015-12-11,000605,14:10:12,2,25.1,7,17570
2015-12-11,000605,14:10:09,0,25.03,12,30036
2015-12-11,000605,14:10:00,1,25.04,1,2504
2015-12-11,000605,14:09:54,1,25.04,2,5008
2015-12-11,000605,14:09:45,2,25.18,8,20144
2015-12-11,000605,14:09:39,2,25.1,3,7530
2015-12-11,000605,14:09:36,1,25.01,17,42517
2015-12-11,000605,14:09:27,1,25.01,16,40016
2015-12-11,000605,14:09:24,2,25.08,2,5016
2015-12-11,000605,14:09:21,1,25.01,26,65026
2015-12-11,000605,14:09:12,2,25.08,87,218195
2015-12-11,000605,14:09:06,2,25.08,50,125399
2015-12-11,000605,14:09:00,1,25.01,23,57523
2015-12-11,000605,14:08:54,1,25.03,27,67581
2015-12-11,000605,14:08:48,1,25.08,5,12540
2015-12-11,000605,14:08:45,1,25.08,45,112859
2015-12-11,000605,14:08:42,2,25.1,4,10040
2015-12-11,000605,14:08:39,1,25.09,1,2509
2015-12-11,000605,14:08:33,1,25.1,3,7530
2015-12-11,000605,14:08:30,1,25.1,81,203310
2015-12-11,000605,14:08:21,1,25.11,4,10044
2015-12-11,000605,14:08:18,2,25.19,5,12595
2015-12-11,000605,14:08:15,1,25.11,49,123039
2015-12-11,000605,14:07:48,2,25.19,15,37785
2015-12-11,000605,14:07:05,1,25.19,8,20152
2015-12-11,000605,14:06:56,1,25.19,5,12595
2015-12-11,000605,14:06:47,1,25.19,5,12595
2015-12-11,000605,14:06:32,1,25.19,4,10076
2015-12-11,000605,14:06:29,2,25.2,39,98280
2015-12-11,000605,14:06:23,2,25.2,8,20160
2015-12-11,000605,14:06:20,2,25.2,37,93240
2015-12-11,000605,14:06:02,2,25.2,100,252000
2015-12-11,000605,14:05:59,1,25.15,19,49771
2015-12-11,000605,14:05:56,2,25.2,56,141120
2015-12-11,000605,14:05:53,2,25.19,7,17633
2015-12-11,000605,14:05:47,2,25.19,13,32747
2015-12-11,000605,14:05:41,1,25.19,18,45342
2015-12-11,000605,14:05:38,1,25.19,5,12595
2015-12-11,000605,14:05:29,1,25.19,10,25190
2015-12-11,000605,14:05:26,2,25.2,26,65520
2015-12-11,000605,14:05:17,1,25.18,8,20672
2015-12-11,000605,14:05:02,2,25.2,12,30240
2015-12-11,000605,14:04:50,2,25.19,2,5038
2015-12-11,000605,14:04:38,2,25.19,16,40304
2015-12-11,000605,14:04:35,2,25.19,7,17633
2015-12-11,000605,14:04:32,2,25.19,10,25190
2015-12-11,000605,14:04:29,1,25.18,6,15108
2015-12-11,000605,14:04:17,2,25.19,2,5038
2015-12-11,000605,14:04:14,2,25.19,2,5038
2015-12-11,000605,14:04:11,2,25.19,5,12595
2015-12-11,000605,14:04:05,2,25.19,25,62975
2015-12-11,000605,14:03:59,2,25.19,34,85646
2015-12-11,000605,14:03:53,2,25.18,1,2518
2015-12-11,000605,14:03:38,2,25.18,37,93166
2015-12-11,000605,14:03:32,2,25.16,7,17612
2015-12-11,000605,14:03:26,2,25.16,13,32708
2015-12-11,000605,14:03:17,2,25.15,10,25150
2015-12-11,000605,14:03:08,2,25.15,4,10060
2015-12-11,000605,14:03:02,2,25.15,100,251500
2015-12-11,000605,14:02:59,1,25.14,5,12570
2015-12-11,000605,14:02:50,2,25.14,8,20112
2015-12-11,000605,14:02:29,2,25.14,11,27654
2015-12-11,000605,14:02:11,2,25.14,8,20112
2015-12-11,000605,14:02:05,2,25.12,7,17584
2015-12-11,000605,14:01:53,2,25.12,1,2512
2015-12-11,000605,14:01:41,2,25.12,3,7536
2015-12-11,000605,14:01:32,1,25.11,2,5022
2015-12-11,000605,14:01:26,2,25.08,2,5016
2015-12-11,000605,14:01:11,1,25.11,3,7533
2015-12-11,000605,14:01:08,2,25.11,17,42687
2015-12-11,000605,14:01:05,2,25.11,7,17577
2015-12-11,000605,14:00:47,1,25.03,5,12515
2015-12-11,000605,14:00:26,2,25.11,7,17577
2015-12-11,000605,14:00:20,2,25.11,19,47709
2015-12-11,000605,14:00:14,0,25.03,6,15018
2015-12-11,000605,13:59:50,2,25.1,31,77810
2015-12-11,000605,13:59:35,1,25.01,10,25010
2015-12-11,000605,13:59:17,0,25.02,5,12510
2015-12-11,000605,13:58:41,2,25.12,10,25120
2015-12-11,000605,13:58:35,2,25.12,2,5024
2015-12-11,000605,13:58:11,2,25.12,23,57776
2015-12-11,000605,13:58:02,1,25.0,102,255000
2015-12-11,000605,13:57:38,2,25.12,38,95456
2015-12-11,000605,13:57:26,2,25.12,3,7536
2015-12-11,000605,13:57:23,1,25.12,2,5024
2015-12-11,000605,13:57:05,2,25.15,16,40240
2015-12-11,000605,13:56:41,0,25.14,3,7542
2015-12-11,000605,13:55:41,2,25.15,16,40240
2015-12-11,000605,13:55:14,2,25.14,20,50280
2015-12-11,000605,13:55:08,0,25.12,11,27632
2015-12-11,000605,13:54:50,2,25.14,7,17598
2015-12-11,000605,13:54:38,1,25.0,10,25000
2015-12-11,000605,13:54:17,1,25.0,2,5000
2015-12-11,000605,13:53:38,2,25.15,15,37725
2015-12-11,000605,13:53:17,0,25.09,9,22581
2015-12-11,000605,13:53:14,1,25.0,86,215000
2015-12-11,000605,13:53:02,2,25.05,7,17535
2015-12-11,000605,13:52:41,2,25.05,2,5010
2015-12-11,000605,13:52:32,1,25.05,60,150300
2015-12-11,000605,13:52:26,2,25.09,23,57707
2015-12-11,000605,13:52:14,2,25.09,2,5018
2015-12-11,000605,13:52:11,1,25.09,12,30108
2015-12-11,000605,13:52:08,2,25.1,1,2510
2015-12-11,000605,13:52:05,2,25.1,7,17570
2015-12-11,000605,13:51:50,1,25.1,78,195780
2015-12-11,000605,13:51:47,2,25.13,31,77903
2015-12-11,000605,13:51:38,2,25.13,4,10052
2015-12-11,000605,13:51:35,1,25.1,16,40160
2015-12-11,000605,13:51:23,2,25.13,1,2513
2015-12-11,000605,13:51:17,1,25.1,4,10040
2015-12-11,000605,13:51:05,1,25.13,4,10052
2015-12-11,000605,13:50:59,1,25.1,12,30120
2015-12-11,000605,13:50:56,2,25.13,61,153293
2015-12-11,000605,13:50:41,2,25.13,4,10052
2015-12-11,000605,13:50:32,2,25.13,7,17591
2015-12-11,000605,13:50:02,2,25.12,24,60288
2015-12-11,000605,13:49:56,2,25.12,7,17584
2015-12-11,000605,13:49:50,1,25.1,12,30120
2015-12-11,000605,13:49:08,1,25.1,4,10040
2015-12-11,000605,13:49:05,2,25.14,7,17598
2015-12-11,000605,13:48:56,1,25.13,6,15078
2015-12-11,000605,13:48:41,1,25.13,6,15078
2015-12-11,000605,13:48:38,1,25.13,1,2513
2015-12-11,000605,13:48:35,2,25.15,7,17605
2015-12-11,000605,13:48:29,1,25.14,7,17598
2015-12-11,000605,13:48:17,1,25.14,9,22626
2015-12-11,000605,13:48:14,1,25.14,6,15084
2015-12-11,000605,13:47:53,0,25.14,50,125700
2015-12-11,000605,13:47:32,2,25.15,1,2515
2015-12-11,000605,13:47:29,2,25.15,6,15090
2015-12-11,000605,13:47:23,1,25.15,15,37725
2015-12-11,000605,13:47:05,1,25.18,9,22662
2015-12-11,000605,13:47:02,2,25.19,16,40304
2015-12-11,000605,13:46:56,1,25.18,4,10072
2015-12-11,000605,13:46:47,1,25.18,5,12590
2015-12-11,000605,13:46:41,2,25.18,58,146044
2015-12-11,000605,13:46:38,1,25.16,1,2516
2015-12-11,000605,13:46:35,2,25.18,5,12590
2015-12-11,000605,13:46:19,2,25.18,2,5036
2015-12-11,000605,13:45:49,0,25.18,10,25180
2015-12-11,000605,13:45:25,1,25.15,70,176050
2015-12-11,000605,13:45:19,2,25.19,32,80608
2015-12-11,000605,13:45:07,1,25.16,16,40256
2015-12-11,000605,13:44:58,1,25.16,46,115736
2015-12-11,000605,13:44:49,2,25.17,31,78027
2015-12-11,000605,13:44:43,1,25.15,20,50300
2015-12-11,000605,13:44:34,1,25.15,2,5030
2015-12-11,000605,13:44:22,2,25.15,2,5030
2015-12-11,000605,13:44:04,2,25.15,28,70420
2015-12-11,000605,13:44:01,2,25.15,2,5030
2015-12-11,000605,13:43:46,0,25.13,26,65338
2015-12-11,000605,13:43:37,1,25.11,5,12555
2015-12-11,000605,13:43:34,2,25.15,20,50300
2015-12-11,000605,13:43:28,1,25.11,16,40176
2015-12-11,000605,13:43:25,1,25.11,3,7533
2015-12-11,000605,13:43:22,2,25.12,10,25120
2015-12-11,000605,13:43:10,2,25.12,10,25120
2015-12-11,000605,13:42:52,2,25.11,3,7533
2015-12-11,000605,13:42:43,2,25.11,1,2511
2015-12-11,000605,13:42:37,2,25.11,5,12555
2015-12-11,000605,13:42:28,2,25.11,6,15066
2015-12-11,000605,13:42:10,2,25.1,29,72790
2015-12-11,000605,13:41:55,2,25.09,18,45162
2015-12-11,000605,13:41:52,2,25.09,6,15054
2015-12-11,000605,13:41:49,2,25.09,4,10036
2015-12-11,000605,13:41:37,2,25.08,16,40128
2015-12-11,000605,13:41:34,2,25.08,3,7523
2015-12-11,000605,13:41:28,2,25.08,6,15047
2015-12-11,000605,13:41:25,2,25.08,1,2508
2015-12-11,000605,13:41:22,2,25.08,15,37620
2015-12-11,000605,13:41:13,1,25.08,7,17556
2015-12-11,000605,13:41:04,2,25.08,17,42636
2015-12-11,000605,13:40:49,1,25.04,13,32552
2015-12-11,000605,13:40:43,2,25.08,7,17556
2015-12-11,000605,13:40:28,1,25.04,1,2504
2015-12-11,000605,13:39:34,1,25.04,18,45072
2015-12-11,000605,13:39:28,1,25.04,3,7512
2015-12-11,000605,13:39:22,2,25.04,22,55088
2015-12-11,000605,13:39:19,2,25.04,2,5008
2015-12-11,000605,13:38:52,1,25.04,4,10016
2015-12-11,000605,13:38:49,1,25.04,4,10016
2015-12-11,000605,13:38:46,1,25.06,5,12530
2015-12-11,000605,13:38:40,2,25.06,1,2506
2015-12-11,000605,13:38:25,2,25.06,14,35084
2015-12-11,000605,13:38:13,1,24.93,1,2493
2015-12-11,000605,13:38:10,2,25.04,9,22536
2015-12-11,000605,13:37:49,2,25.0,7,17500
2015-12-11,000605,13:37:34,1,25.0,55,137500
2015-12-11,000605,13:37:31,1,25.05,3,7515
2015-12-11,000605,13:37:22,1,25.05,6,15030
2015-12-11,000605,13:37:07,1,25.05,30,75150
2015-12-11,000605,13:37:01,2,25.1,4,10040
2015-12-11,000605,13:36:49,1,25.06,16,40096
2015-12-11,000605,13:36:43,2,25.1,4,10040
2015-12-11,000605,13:36:28,1,25.08,11,27587
2015-12-11,000605,13:36:13,2,25.1,12,30120
2015-12-11,000605,13:36:04,2,25.1,5,12550
2015-12-11,000605,13:36:01,0,25.08,6,15047
2015-12-11,000605,13:35:49,2,25.1,7,17570
2015-12-11,000605,13:35:43,2,25.1,21,52710
2015-12-11,000605,13:35:25,1,25.1,16,40160
2015-12-11,000605,13:35:16,0,25.1,4,10040
2015-12-11,000605,13:34:37,0,25.11,4,10044
2015-12-11,000605,13:34:19,2,25.12,9,22608
2015-12-11,000605,13:34:10,1,25.11,3,7533
2015-12-11,000605,13:33:58,2,25.11,1,2511
2015-12-11,000605,13:33:49,2,25.11,4,10044
2015-12-11,000605,13:33:43,1,25.1,7,17570
2015-12-11,000605,13:33:34,1,25.1,16,40160
2015-12-11,000605,13:33:28,1,25.1,5,12550
2015-12-11,000605,13:33:25,1,25.1,19,47690
2015-12-11,000605,13:33:16,0,25.11,10,25110
2015-12-11,000605,13:32:55,2,25.1,22,55220
2015-12-11,000605,13:32:49,1,25.07,8,20056
2015-12-11,000605,13:32:43,2,25.09,12,30108
2015-12-11,000605,13:32:16,2,25.09,17,42653
2015-12-11,000605,13:32:01,1,25.05,2,5010
2015-12-11,000605,13:31:40,0,25.08,7,17556
2015-12-11,000605,13:31:22,2,25.09,4,10036
2015-12-11,000605,13:31:19,2,25.09,4,10036
2015-12-11,000605,13:31:13,0,25.05,2,5010
2015-12-11,000605,13:30:49,2,25.1,2,5020
2015-12-11,000605,13:30:22,0,25.12,4,10048
2015-12-11,000605,13:30:13,2,25.12,2,5024
2015-12-11,000605,13:30:01,1,25.12,3,7536
2015-12-11,000605,13:29:55,1,25.12,5,12560
2015-12-11,000605,13:29:46,1,25.12,1,2512
2015-12-11,000605,13:29:31,2,25.18,4,10072
2015-12-11,000605,13:29:28,1,25.17,8,20136
2015-12-11,000605,13:29:25,1,25.17,2,5034
2015-12-11,000605,13:29:22,1,25.17,2,5034
2015-12-11,000605,13:29:13,2,25.15,8,20120
2015-12-11,000605,13:29:07,1,25.15,5,12575
2015-12-11,000605,13:28:55,2,25.18,7,17626
2015-12-11,000605,13:28:52,0,25.15,1,2515
2015-12-11,000605,13:28:43,1,25.12,30,75360
2015-12-11,000605,13:28:40,2,25.18,7,17626
2015-12-11,000605,13:28:28,2,25.18,4,10072
2015-12-11,000605,13:28:19,1,25.12,30,75360
2015-12-11,000605,13:28:16,2,25.2,1,2520
2015-12-11,000605,13:28:01,2,25.2,64,161280
2015-12-11,000605,13:27:58,1,25.15,15,37725
2015-12-11,000605,13:27:49,1,25.15,39,98085
2015-12-11,000605,13:27:46,2,25.15,40,100600
2015-12-11,000605,13:27:28,0,25.1,1,2510
2015-12-11,000605,13:27:16,2,25.12,20,50240
2015-12-11,000605,13:27:10,2,25.05,60,150300
2015-12-11,000605,13:26:49,2,25.0,14,35000
2015-12-11,000605,13:26:31,1,24.93,33,82269
2015-12-11,000605,13:26:28,0,24.93,2,4986
2015-12-11,000605,13:25:58,1,24.92,2,4984
2015-12-11,000605,13:25:49,2,24.95,1,2495
2015-12-11,000605,13:25:00,2,24.95,10,24950
2015-12-11,000605,13:24:54,2,24.95,4,9980
2015-12-11,000605,13:24:30,0,24.91,1,2491
2015-12-11,000605,13:24:09,2,24.9,32,79680
2015-12-11,000605,13:22:57,2,24.9,20,49800
2015-12-11,000605,13:22:42,2,24.9,2,4980
2015-12-11,000605,13:22:33,1,24.9,18,44820
2015-12-11,000605,13:22:24,2,24.9,3,7470
2015-12-11,000605,13:22:21,2,24.9,50,124500
2015-12-11,000605,13:22:03,1,24.9,44,109560
2015-12-11,000605,13:22:00,2,24.95,3,7485
2015-12-11,000605,13:21:54,2,24.95,1,2495
2015-12-11,000605,13:21:09,0,24.95,8,19960
2015-12-11,000605,13:20:45,1,24.89,10,24890
2015-12-11,000605,13:20:39,2,24.9,25,62250
2015-12-11,000605,13:20:30,2,24.9,27,67230
2015-12-11,000605,13:20:24,2,24.9,5,12450
2015-12-11,000605,13:20:15,1,24.9,20,49800
2015-12-11,000605,13:20:06,1,24.9,1,2490
2015-12-11,000605,13:19:36,1,24.9,1,2490
2015-12-11,000605,13:19:33,1,24.9,3,7470
2015-12-11,000605,13:19:30,2,24.9,12,29880
2015-12-11,000605,13:19:21,2,24.9,10,24900
2015-12-11,000605,13:19:09,0,24.9,28,69720
2015-12-11,000605,13:18:39,2,24.99,2,4998
2015-12-11,000605,13:18:24,2,24.99,2,4998
2015-12-11,000605,13:18:15,0,24.99,1,2499
2015-12-11,000605,13:18:12,2,25.0,3,7500
2015-12-11,000605,13:18:09,2,25.0,3,7500
2015-12-11,000605,13:17:39,2,24.88,12,29856
2015-12-11,000605,13:17:33,2,24.88,32,79616
2015-12-11,000605,13:17:30,2,24.88,2,4976
2015-12-11,000605,13:17:12,2,24.88,10,24880
2015-12-11,000605,13:17:06,2,24.88,7,17416
2015-12-11,000605,13:17:00,2,24.88,10,24880
2015-12-11,000605,13:16:24,2,24.88,15,37320
2015-12-11,000605,13:16:21,1,24.87,6,14922
2015-12-11,000605,13:16:15,2,24.88,4,9952
2015-12-11,000605,13:16:06,1,24.88,79,196552
2015-12-11,000605,13:16:00,2,24.9,60,149400
2015-12-11,000605,13:15:57,1,24.88,1,2488
2015-12-11,000605,13:15:51,2,24.89,4,9956
2015-12-11,000605,13:15:45,2,24.89,37,92093
2015-12-11,000605,13:15:33,2,24.88,5,12440
2015-12-11,000605,13:15:30,2,24.88,39,97032
2015-12-11,000605,13:15:27,1,24.87,13,32331
2015-12-11,000605,13:15:18,2,24.88,6,14928
2015-12-11,000605,13:15:12,1,24.87,1,2487
2015-12-11,000605,13:15:06,2,24.87,81,201447
2015-12-11,000605,13:15:03,2,24.82,1,2482
2015-12-11,000605,13:14:57,1,24.82,39,96798
2015-12-11,000605,13:14:54,2,24.86,4,9944
2015-12-11,000605,13:14:51,1,24.86,17,42262
2015-12-11,000605,13:14:48,1,24.86,20,49720
2015-12-11,000605,13:14:45,0,24.87,5,12435
2015-12-11,000605,13:14:36,2,24.88,3,7464
2015-12-11,000605,13:14:27,2,24.88,5,12440
2015-12-11,000605,13:14:24,1,24.88,2,4976
2015-12-11,000605,13:14:21,2,24.9,10,24900
2015-12-11,000605,13:14:15,1,24.88,4,9952
2015-12-11,000605,13:14:12,2,24.9,2,4980
2015-12-11,000605,13:13:57,1,24.9,5,12450
2015-12-11,000605,13:13:54,1,24.9,57,141930
2015-12-11,000605,13:13:48,1,24.9,4,9960
2015-12-11,000605,13:13:42,1,24.95,6,14970
2015-12-11,000605,13:13:24,1,24.99,5,12495
2015-12-11,000605,13:13:09,1,25.0,303,757500
2015-12-11,000605,13:13:00,1,25.03,3,7509
2015-12-11,000605,13:12:51,1,25.02,6,15012
2015-12-11,000605,13:12:27,1,25.02,4,10008
2015-12-11,000605,13:12:21,1,25.05,30,75150
2015-12-11,000605,13:12:18,1,25.05,5,12525
2015-12-11,000605,13:12:15,2,25.06,4,10024
2015-12-11,000605,13:12:12,1,25.05,23,57615
2015-12-11,000605,13:11:57,2,25.06,5,12530
2015-12-11,000605,13:11:48,2,25.06,5,12530
2015-12-11,000605,13:11:27,1,25.06,10,25060
2015-12-11,000605,13:11:06,2,25.1,6,15060
2015-12-11,000605,13:10:54,1,25.1,6,15060
2015-12-11,000605,13:10:45,2,25.13,5,12565
2015-12-11,000605,13:10:30,2,25.13,5,12565
2015-12-11,000605,13:09:39,1,25.13,11,27643
2015-12-11,000605,13:09:15,1,25.13,60,150780
2015-12-11,000605,13:08:48,1,25.14,58,145812
2015-12-11,000605,13:08:39,2,25.16,56,140896
2015-12-11,000605,13:08:36,1,25.14,3,7542
2015-12-11,000605,13:08:18,2,25.14,2,5028
2015-12-11,000605,13:08:03,2,25.13,11,27643
2015-12-11,000605,13:07:30,2,25.12,2,5024
2015-12-11,000605,13:07:27,2,25.12,5,12560
2015-12-11,000605,13:07:12,2,25.12,2,5024
2015-12-11,000605,13:07:06,0,25.12,4,10048
2015-12-11,000605,13:06:15,1,25.1,1,2510
2015-12-11,000605,13:06:02,2,25.1,4,10040
2015-12-11,000605,13:05:50,2,25.1,1,2510
2015-12-11,000605,13:05:29,2,25.1,10,25100
2015-12-11,000605,13:05:20,2,25.05,19,47595
2015-12-11,000605,13:05:14,0,25.02,4,10008
2015-12-11,000605,13:04:50,2,25.01,29,72529
2015-12-11,000605,13:04:44,2,25.01,5,12505
2015-12-11,000605,13:04:41,1,25.0,1,2500
2015-12-11,000605,13:04:35,2,25.01,5,12505
2015-12-11,000605,13:04:29,1,25.01,12,30012
2015-12-11,000605,13:04:14,1,25.01,42,105042
2015-12-11,000605,13:04:08,1,25.05,3,7515
2015-12-11,000605,13:03:53,2,25.1,1,2510
2015-12-11,000605,13:03:41,1,25.1,8,20080
2015-12-11,000605,13:03:23,1,25.15,10,25150
2015-12-11,000605,13:03:08,1,25.15,14,35210
2015-12-11,000605,13:02:59,1,25.16,7,17612
2015-12-11,000605,13:02:53,1,25.16,10,25160
2015-12-11,000605,13:02:23,1,25.18,6,15108
2015-12-11,000605,13:02:14,1,25.18,4,10072
2015-12-11,000605,13:02:05,2,25.2,20,50400
2015-12-11,000605,13:01:59,1,25.19,4,10076
2015-12-11,000605,13:01:56,1,25.19,10,25190
2015-12-11,000605,13:01:53,1,25.19,2,5038
2015-12-11,000605,13:01:08,2,25.22,5,12610
2015-12-11,000605,13:00:56,2,25.22,1,2522
2015-12-11,000605,13:00:44,2,25.22,5,12610
2015-12-11,000605,13:00:32,2,25.22,9,22698
2015-12-11,000605,13:00:11,2,25.22,24,60528
2015-12-11,000605,13:00:05,2,25.22,55,138710
2015-12-11,000605,13:00:02,2,25.28,236,596608
2015-12-11,000605,11:29:37,1,25.22,18,45396
2015-12-11,000605,11:29:28,2,25.24,10,25240
2015-12-11,000605,11:29:22,1,25.23,1,2523
2015-12-11,000605,11:29:13,1,25.23,4,10092
2015-12-11,000605,11:28:52,2,25.23,21,52983
2015-12-11,000605,11:28:31,1,25.23,4,10092
2015-12-11,000605,11:27:58,2,25.23,1,2523
2015-12-11,000605,11:27:49,1,25.24,4,10096
2015-12-11,000605,11:27:46,1,25.24,2,5048
2015-12-11,000605,11:27:40,1,25.24,2,5048
2015-12-11,000605,11:27:37,1,25.24,10,25240
2015-12-11,000605,11:27:34,2,25.24,21,53004
2015-12-11,000605,11:27:25,1,25.22,2,5044
2015-12-11,000605,11:27:22,1,25.23,12,30276
2015-12-11,000605,11:27:19,2,25.23,7,17661
2015-12-11,000605,11:27:10,2,25.23,2,5046
2015-12-11,000605,11:27:07,2,25.23,2,5046
2015-12-11,000605,11:27:04,1,25.23,4,10092
2015-12-11,000605,11:27:01,1,25.23,4,10092
2015-12-11,000605,11:26:58,1,25.23,1,2523
2015-12-11,000605,11:26:46,2,25.24,9,22716
2015-12-11,000605,11:26:40,1,25.23,10,25230
2015-12-11,000605,11:26:33,1,25.23,19,47937
2015-12-11,000605,11:26:09,1,25.24,35,88340
2015-12-11,000605,11:26:06,1,25.24,5,12620
2015-12-11,000605,11:26:03,2,25.25,5,12625
2015-12-11,000605,11:25:57,2,25.25,15,37875
2015-12-11,000605,11:25:36,2,25.25,10,25250
2015-12-11,000605,11:25:27,2,25.25,3,7575
2015-12-11,000605,11:25:24,2,25.25,5,12625
2015-12-11,000605,11:25:21,1,25.24,9,22716
2015-12-11,000605,11:25:18,1,25.24,60,151440
2015-12-11,000605,11:25:15,2,25.25,17,42925
2015-12-11,000605,11:25:09,1,25.24,15,37860
2015-12-11,000605,11:25:06,1,25.24,10,25240
2015-12-11,000605,11:25:00,1,25.24,3,7571
2015-12-11,000605,11:24:54,1,25.24,2,5048
2015-12-11,000605,11:24:45,2,25.24,6,15143
2015-12-11,000605,11:24:36,1,25.23,1,2523
2015-12-11,000605,11:24:27,1,25.24,2,5048
2015-12-11,000605,11:24:12,1,25.24,1,2524
2015-12-11,000605,11:24:09,1,25.24,15,37860
2015-12-11,000605,11:24:06,1,25.24,30,75720
2015-12-11,000605,11:24:03,1,25.24,36,90864
2015-12-11,000605,11:24:00,1,25.24,5,12620
2015-12-11,000605,11:23:57,1,25.24,1,2524
2015-12-11,000605,11:23:54,1,25.24,12,30287
2015-12-11,000605,11:23:51,1,25.24,10,25240
2015-12-11,000605,11:23:45,1,25.24,4,10096
2015-12-11,000605,11:23:42,1,25.24,1,2524
2015-12-11,000605,11:23:30,2,25.25,5,12625
2015-12-11,000605,11:23:24,1,25.25,23,58075
2015-12-11,000605,11:23:21,1,25.25,6,15150
2015-12-11,000605,11:23:09,1,25.26,3,7578
2015-12-11,000605,11:23:03,2,25.29,8,20232
2015-12-11,000605,11:22:54,1,25.26,39,98514
2015-12-11,000605,11:22:51,2,25.29,3,7587
2015-12-11,000605,11:22:45,0,25.26,41,103566
2015-12-11,000605,11:22:27,1,25.29,22,55638
2015-12-11,000605,11:22:21,2,25.3,23,58190
2015-12-11,000605,11:22:12,2,25.3,35,88550
2015-12-11,000605,11:22:06,1,25.29,20,50580
2015-12-11,000605,11:22:00,1,25.29,10,25290
2015-12-11,000605,11:21:51,2,25.3,237,599610
2015-12-11,000605,11:21:45,1,25.29,11,27819
2015-12-11,000605,11:21:36,1,25.29,5,12645
2015-12-11,000605,11:21:30,2,25.3,110,278300
2015-12-11,000605,11:21:27,2,25.3,30,75900
2015-12-11,000605,11:21:24,2,25.3,30,75900
2015-12-11,000605,11:21:18,1,25.29,13,32877
2015-12-11,000605,11:21:09,2,25.29,17,42993
2015-12-11,000605,11:21:06,1,25.25,1,2525
2015-12-11,000605,11:20:48,0,25.28,1,2528
2015-12-11,000605,11:20:42,2,25.3,9,22770
2015-12-11,000605,11:20:39,0,25.29,10,25290
2015-12-11,000605,11:20:33,2,25.3,10,25300
2015-12-11,000605,11:20:30,0,25.29,1,2529
2015-12-11,000605,11:20:24,2,25.3,176,445280
2015-12-11,000605,11:20:18,2,25.29,26,65754
2015-12-11,000605,11:20:12,2,25.28,5,12640
2015-12-11,000605,11:20:06,2,25.3,29,73370
2015-12-11,000605,11:20:03,1,25.29,23,58167
2015-12-11,000605,11:19:57,2,25.28,1,2528
2015-12-11,000605,11:19:54,0,25.28,51,128928
2015-12-11,000605,11:19:51,2,25.3,126,318780
2015-12-11,000605,11:19:48,2,25.29,5,12645
2015-12-11,000605,11:19:45,1,25.28,5,12640
2015-12-11,000605,11:19:39,1,25.28,4,10112
2015-12-11,000605,11:19:30,2,25.28,1,2528
2015-12-11,000605,11:19:27,2,25.28,58,146624
2015-12-11,000605,11:19:24,2,25.28,7,17696
2015-12-11,000605,11:19:21,2,25.28,4,10112
2015-12-11,000605,11:19:12,2,25.26,60,151560
2015-12-11,000605,11:19:09,1,25.24,3,7571
2015-12-11,000605,11:19:06,1,25.24,10,25240
2015-12-11,000605,11:19:00,1,25.21,17,42857
2015-12-11,000605,11:18:57,2,25.23,12,30276
2015-12-11,000605,11:18:54,1,25.23,181,456663
2015-12-11,000605,11:18:51,1,25.23,15,37845
2015-12-11,000605,11:18:45,1,25.23,36,90828
2015-12-11,000605,11:18:39,2,25.24,6,15143
2015-12-11,000605,11:18:36,1,25.23,2,5046
2015-12-11,000605,11:18:30,1,25.23,3,7569
2015-12-11,000605,11:18:18,2,25.23,6,15138
2015-12-11,000605,11:18:15,1,25.21,6,15126
2015-12-11,000605,11:18:12,1,25.21,5,12605
2015-12-11,000605,11:18:09,2,25.23,1,2523
2015-12-11,000605,11:18:06,1,25.21,75,189075
2015-12-11,000605,11:17:57,2,25.21,3,8420
2015-12-11,000605,11:17:54,1,25.22,3,9230
2015-12-11,000605,11:17:51,2,25.22,76,192529
2015-12-11,000605,11:17:48,2,25.21,1,2521
2015-12-11,000605,11:17:45,1,25.21,9,24352
2015-12-11,000605,11:17:42,1,25.21,26,65546
2015-12-11,000605,11:17:36,2,25.22,1,2522
2015-12-11,000605,11:17:30,1,25.21,5,12605
2015-12-11,000605,11:17:27,1,25.22,134,337948
2015-12-11,000605,11:17:24,2,25.23,11,27753
2015-12-11,000605,11:17:15,1,25.22,12,30264
2015-12-11,000605,11:17:12,2,25.24,40,100960
2015-12-11,000605,11:17:09,1,25.21,5,12605
2015-12-11,000605,11:17:03,2,25.23,9,22707
2015-12-11,000605,11:17:00,1,25.21,36,90756
2015-12-11,000605,11:16:57,2,25.24,12,30287
2015-12-11,000605,11:16:54,1,25.23,6,15138
2015-12-11,000605,11:16:48,1,25.23,18,45414
2015-12-11,000605,11:16:45,2,25.23,19,47937
2015-12-11,000605,11:16:42,1,25.21,25,63025
2015-12-11,000605,11:16:39,1,25.21,4,10084
2015-12-11,000605,11:16:36,1,25.21,2,5042
2015-12-11,000605,11:16:30,2,25.23,26,66455
2015-12-11,000605,11:16:27,1,25.19,23,57937
2015-12-11,000605,11:16:24,1,25.19,2,5038
2015-12-11,000605,11:16:21,2,25.21,45,113445
2015-12-11,000605,11:16:18,0,25.2,1,2520
2015-12-11,000605,11:16:09,2,25.21,6,15126
2015-12-11,000605,11:16:06,1,25.21,33,84856
2015-12-11,000605,11:16:03,1,25.24,18,45432
2015-12-11,000605,11:16:00,1,25.24,2,5048
2015-12-11,000605,11:15:57,2,25.24,16,40384
2015-12-11,000605,11:15:51,2,25.24,10,25240
2015-12-11,000605,11:15:48,0,25.24,3,7571
2015-12-11,000605,11:15:45,1,25.21,52,131092
2015-12-11,000605,11:15:42,2,25.24,1,2524
2015-12-11,000605,11:15:39,1,25.2,173,435960
2015-12-11,000605,11:15:33,2,25.24,13,32812
2015-12-11,000605,11:15:30,1,25.2,6,15120
2015-12-11,000605,11:15:21,2,25.18,7,18482
2015-12-11,000605,11:15:18,2,25.18,26,65468
2015-12-11,000605,11:15:09,1,25.19,12,31890
2015-12-11,000605,11:15:06,1,25.19,9,22671
2015-12-11,000605,11:15:03,2,25.2,145,365400
2015-12-11,000605,11:14:51,2,25.18,24,61288
2015-12-11,000605,11:14:48,2,25.18,45,113310
2015-12-11,000605,11:14:42,2,25.18,8,20144
2015-12-11,000605,11:14:36,1,25.15,12,30180
2015-12-11,000605,11:14:33,2,25.17,46,115782
2015-12-11,000605,11:14:30,1,25.15,5,12575
2015-12-11,000605,11:14:21,2,25.11,4,10044
2015-12-11,000605,11:14:18,1,25.1,4,10040
2015-12-11,000605,11:14:15,2,25.11,1,2511
2015-12-11,000605,11:14:12,1,25.11,10,25110
2015-12-11,000605,11:14:09,0,25.17,10,25170
2015-12-11,000605,11:13:54,2,25.18,27,67986
2015-12-11,000605,11:13:48,1,25.14,21,52794
2015-12-11,000605,11:13:45,1,25.18,19,49503
2015-12-11,000605,11:13:42,1,25.18,5,12590
2015-12-11,000605,11:13:39,2,25.2,8,20160
2015-12-11,000605,11:13:30,1,25.19,10,25190
2015-12-11,000605,11:13:27,2,25.21,5,12605
2015-12-11,000605,11:13:21,1,25.2,10,25200
2015-12-11,000605,11:13:12,2,25.25,25,63125
2015-12-11,000605,11:13:09,1,25.25,11,27775
2015-12-11,000605,11:13:06,2,25.25,1,2525
2015-12-11,000605,11:13:03,2,25.25,8,20200
2015-12-11,000605,11:13:00,2,25.28,9,22752
2015-12-11,000605,11:12:57,2,25.28,9,22752
2015-12-11,000605,11:12:51,1,25.21,12,30252
2015-12-11,000605,11:12:48,2,25.29,7,17703
2015-12-11,000605,11:12:39,1,25.2,5,12600
2015-12-11,000605,11:12:36,0,25.29,9,22761
2015-12-11,000605,11:12:30,1,25.2,1,2520
2015-12-11,000605,11:12:27,1,25.2,11,27720
2015-12-11,000605,11:12:21,0,25.25,3,7575
2015-12-11,000605,11:12:18,1,25.19,174,438306
2015-12-11,000605,11:12:15,2,25.2,177,446896
2015-12-11,000605,11:12:09,2,25.19,3,7557
2015-12-11,000605,11:12:06,2,25.19,33,83127
2015-12-11,000605,11:12:03,1,25.17,1,2517
2015-12-11,000605,11:12:00,2,25.18,2,5036
2015-12-11,000605,11:11:57,0,25.18,81,203958
2015-12-11,000605,11:11:45,2,25.19,10,25190
2015-12-11,000605,11:11:42,2,25.14,20,50280
2015-12-11,000605,11:11:39,1,25.09,1,2509
2015-12-11,000605,11:11:27,2,25.08,16,40128
2015-12-11,000605,11:11:24,2,25.04,1,2504
2015-12-11,000605,11:11:15,2,25.0,37,92500
2015-12-11,000605,11:11:12,2,25.0,21,52500
2015-12-11,000605,11:11:09,2,25.0,5,12500
2015-12-11,000605,11:11:03,2,24.99,16,39984
2015-12-11,000605,11:10:51,2,24.99,10,24990
2015-12-11,000605,11:10:48,2,24.98,47,117406
2015-12-11,000605,11:10:42,2,24.95,5,12475
2015-12-11,000605,11:10:39,2,24.95,10,24950
2015-12-11,000605,11:10:36,1,24.9,13,32369
2015-12-11,000605,11:10:18,2,24.9,56,139440
2015-12-11,000605,11:10:15,1,24.86,4,9944
2015-12-11,000605,11:10:12,1,24.86,5,12430
2015-12-11,000605,11:10:09,2,24.86,11,27346
2015-12-11,000605,11:10:00,2,24.86,20,49720
2015-12-11,000605,11:09:57,2,24.86,20,49720
2015-12-11,000605,11:09:45,2,24.86,30,74580
2015-12-11,000605,11:09:42,1,24.83,1,2483
2015-12-11,000605,11:09:39,1,24.83,3,7448
2015-12-11,000605,11:09:33,2,24.83,9,22347
2015-12-11,000605,11:09:27,0,24.82,10,24820
2015-12-11,000605,11:09:15,0,24.83,1,2483
2015-12-11,000605,11:08:39,1,24.73,1,2473
2015-12-11,000605,11:08:36,2,24.84,30,74520
2015-12-11,000605,11:08:27,2,24.84,6,14904
2015-12-11,000605,11:07:42,2,24.84,10,24840
2015-12-11,000605,11:07:36,1,24.72,5,12360
2015-12-11,000605,11:07:21,1,24.72,7,17304
2015-12-11,000605,11:07:18,2,24.84,3,7452
2015-12-11,000605,11:07:12,2,24.84,25,62100
2015-12-11,000605,11:07:06,2,24.84,20,49680
2015-12-11,000605,11:07:03,1,24.84,8,19872
2015-12-11,000605,11:06:54,2,24.85,2,4970
2015-12-11,000605,11:06:33,2,24.85,50,124250
2015-12-11,000605,11:06:30,2,24.85,5,12425
2015-12-11,000605,11:06:18,2,24.85,23,57155
2015-12-11,000605,11:06:12,2,24.85,2,4970
2015-12-11,000605,11:06:02,2,24.83,5,12415
2015-12-11,000605,11:05:56,2,24.85,107,265895
2015-12-11,000605,11:05:50,2,24.84,9,22356
2015-12-11,000605,11:05:44,2,24.84,50,124200
2015-12-11,000605,11:05:35,2,24.84,2,4968
2015-12-11,000605,11:05:26,1,24.82,15,37230
2015-12-11,000605,11:05:20,2,24.82,38,94316
2015-12-11,000605,11:05:05,0,24.8,6,14880
2015-12-11,000605,11:04:38,2,24.82,5,12410
2015-12-11,000605,11:04:32,1,24.7,8,19760
2015-12-11,000605,11:04:23,2,24.74,4,9896
2015-12-11,000605,11:04:14,2,24.74,1,2474
2015-12-11,000605,11:04:08,2,24.74,1,2474
2015-12-11,000605,11:03:56,1,24.72,30,74160
2015-12-11,000605,11:03:41,2,24.73,50,123650
2015-12-11,000605,11:03:23,1,24.7,5,12350
2015-12-11,000605,11:03:02,2,24.7,71,175641
2015-12-11,000605,11:02:47,1,24.7,32,81238
2015-12-11,000605,11:02:35,2,24.7,33,81781
2015-12-11,000605,11:02:14,2,24.7,2,4940
2015-12-11,000605,11:02:08,1,24.7,33,83708
2015-12-11,000605,11:02:02,1,24.7,2,4940
2015-12-11,000605,11:01:53,1,24.7,3,7410
2015-12-11,000605,11:01:50,1,24.7,9,22230
2015-12-11,000605,11:01:44,1,24.7,3,7410
2015-12-11,000605,11:01:38,2,24.7,50,123771
2015-12-11,000605,11:01:35,1,24.68,7,17276
2015-12-11,000605,11:01:14,1,24.7,57,142988
2015-12-11,000605,11:00:50,1,24.7,3,7410
2015-12-11,000605,11:00:47,2,24.73,2,4946
2015-12-11,000605,11:00:17,0,24.73,3,7419
2015-12-11,000605,10:59:59,2,24.75,3,7425
2015-12-11,000605,10:59:47,1,24.75,3,7425
2015-12-11,000605,10:59:44,1,24.75,1,2475
2015-12-11,000605,10:59:20,1,24.85,10,24850
2015-12-11,000605,10:59:17,1,24.85,17,42245
2015-12-11,000605,10:59:14,1,24.85,3,7455
2015-12-11,000605,10:59:11,1,24.85,14,34790
2015-12-11,000605,10:59:08,1,24.85,45,111825
2015-12-11,000605,10:59:02,1,24.85,13,32305
2015-12-11,000605,10:58:56,1,24.85,4,9940
2015-12-11,000605,10:58:53,1,24.85,60,149100
2015-12-11,000605,10:58:35,2,24.85,12,29820
2015-12-11,000605,10:57:41,2,24.75,8,19800
2015-12-11,000605,10:57:17,2,24.71,7,17618
2015-12-11,000605,10:57:05,2,24.7,19,49350
2015-12-11,000605,10:56:41,0,24.7,4,9880
2015-12-11,000605,10:56:08,2,24.71,10,24710
2015-12-11,000605,10:56:05,1,24.66,10,24660
2015-12-11,000605,10:56:02,1,24.66,23,56718
2015-12-11,000605,10:55:41,1,24.66,4,9864
2015-12-11,000605,10:55:23,1,24.66,1,2466
2015-12-11,000605,10:55:02,1,24.66,3,7398
2015-12-11,000605,10:54:47,2,24.7,1,2470
2015-12-11,000605,10:54:44,1,24.7,7,17290
2015-12-11,000605,10:54:41,2,24.71,2,4942
2015-12-11,000605,10:54:32,1,24.7,9,22230
2015-12-11,000605,10:54:26,2,24.71,6,14826
2015-12-11,000605,10:54:20,2,24.71,4,9884
2015-12-11,000605,10:54:05,2,24.71,20,49420
2015-12-11,000605,10:53:47,2,24.7,19,46930
2015-12-11,000605,10:52:53,1,24.7,32,79089
2015-12-11,000605,10:52:38,1,24.71,32,81221
2015-12-11,000605,10:52:29,1,24.71,5,12355
2015-12-11,000605,10:52:26,1,24.71,13,32123
2015-12-11,000605,10:52:23,2,24.75,4,9900
2015-12-11,000605,10:52:08,1,24.71,16,39536
2015-12-11,000605,10:52:05,1,24.72,5,12360
2015-12-11,000605,10:52:02,2,24.76,5,12380
2015-12-11,000605,10:51:53,1,24.72,20,49440
2015-12-11,000605,10:51:50,1,24.76,3,7428
2015-12-11,000605,10:51:23,1,24.78,3,7434
2015-12-11,000605,10:51:14,2,24.8,2,4960
2015-12-11,000605,10:51:05,1,24.8,4,9920
2015-12-11,000605,10:50:59,2,24.83,11,27312
2015-12-11,000605,10:50:44,2,24.8,6,14880
2015-12-11,000605,10:50:41,1,24.78,2,4956
2015-12-11,000605,10:50:29,0,24.78,5,12390
2015-12-11,000605,10:50:23,2,24.79,2,4958
2015-12-11,000605,10:50:17,1,24.78,4,9912
2015-12-11,000605,10:50:11,2,24.78,7,17346
2015-12-11,000605,10:49:56,2,24.78,2,4956
2015-12-11,000605,10:49:50,2,24.78,11,27258
2015-12-11,000605,10:49:35,2,24.75,10,25071
2015-12-11,000605,10:49:29,2,24.75,11,27225
2015-12-11,000605,10:49:23,2,24.75,8,19800
2015-12-11,000605,10:49:05,0,24.72,4,9888
2015-12-11,000605,10:48:53,1,24.71,4,9884
2015-12-11,000605,10:48:26,1,24.71,27,66717
2015-12-11,000605,10:48:17,1,24.72,1,2472
2015-12-11,000605,10:47:59,2,24.72,2,4944
2015-12-11,000605,10:47:41,2,24.72,1,2472
2015-12-11,000605,10:47:29,1,24.72,1,2472
2015-12-11,000605,10:47:23,1,24.72,5,12360
2015-12-11,000605,10:47:17,2,24.75,2,4950
2015-12-11,000605,10:46:53,1,24.75,3,9578
2015-12-11,000605,10:46:44,1,24.79,10,24790
2015-12-11,000605,10:46:38,1,24.8,4,9920
2015-12-11,000605,10:46:35,2,24.8,3,7440
2015-12-11,000605,10:46:32,1,24.8,10,24800
2015-12-11,000605,10:46:29,1,24.8,5,12400
2015-12-11,000605,10:46:17,1,24.83,23,57108
2015-12-11,000605,10:46:14,2,24.86,9,22374
2015-12-11,000605,10:46:01,1,24.86,6,14916
2015-12-11,000605,10:45:43,2,24.86,2,4972
2015-12-11,000605,10:45:40,2,24.86,2,4972
2015-12-11,000605,10:45:31,2,24.86,21,52206
2015-12-11,000605,10:45:10,2,24.86,4,9944
2015-12-11,000605,10:45:07,1,24.86,3,7458
2015-12-11,000605,10:44:55,2,24.86,8,19888
2015-12-11,000605,10:44:46,2,24.84,1,2484
2015-12-11,000605,10:44:37,2,24.83,17,42211
2015-12-11,000605,10:44:16,2,24.79,117,290043
2015-12-11,000605,10:44:07,2,24.79,15,37185
2015-12-11,000605,10:44:04,1,24.75,6,14850
2015-12-11,000605,10:43:58,2,24.79,7,17353
2015-12-11,000605,10:43:46,1,24.77,17,42109
2015-12-11,000605,10:43:31,2,24.77,2,5276
2015-12-11,000605,10:43:19,1,24.77,25,64079
2015-12-11,000605,10:43:13,1,24.77,2,4954
2015-12-11,000605,10:43:07,2,24.79,20,49580
2015-12-11,000605,10:43:01,1,24.77,5,12707
2015-12-11,000605,10:42:52,2,24.79,8,19832
2015-12-11,000605,10:42:28,1,24.78,24,59472
2015-12-11,000605,10:42:07,1,24.78,66,163548
2015-12-11,000605,10:41:52,2,24.78,11,27258
2015-12-11,000605,10:41:40,2,24.77,17,42109
2015-12-11,000605,10:41:37,2,24.77,10,24770
2015-12-11,000605,10:41:16,2,24.77,5,12385
2015-12-11,000605,10:41:01,2,24.77,15,37155
2015-12-11,000605,10:40:43,2,24.75,7,17325
2015-12-11,000605,10:40:34,2,24.72,6,14832
2015-12-11,000605,10:40:10,1,24.71,67,165557
2015-12-11,000605,10:40:07,2,24.72,5,12360
2015-12-11,000605,10:39:49,2,24.71,6,14826
2015-12-11,000605,10:39:43,1,24.71,5,12355
2015-12-11,000605,10:39:34,1,24.71,8,19768
2015-12-11,000605,10:39:28,1,24.71,7,17297
2015-12-11,000605,10:39:10,1,24.71,50,123550
2015-12-11,000605,10:38:52,2,24.71,15,37065
2015-12-11,000605,10:38:28,1,24.7,1,2470
2015-12-11,000605,10:38:13,2,24.71,2,4942
2015-12-11,000605,10:38:10,1,24.71,3,7413
2015-12-11,000605,10:38:07,2,24.72,7,17304
2015-12-11,000605,10:37:28,1,24.71,10,24710
2015-12-11,000605,10:37:07,2,24.72,4,9888
2015-12-11,000605,10:36:55,1,24.71,25,61775
2015-12-11,000605,10:36:49,1,24.71,4,9884
2015-12-11,000605,10:36:07,2,24.71,5,12355
2015-12-11,000605,10:35:43,2,24.71,3,7413
2015-12-11,000605,10:35:40,1,24.71,1,2471
2015-12-11,000605,10:35:13,2,24.71,1,2471
2015-12-11,000605,10:35:01,0,24.71,3,7413
2015-12-11,000605,10:34:40,2,24.72,1,2472
2015-12-11,000605,10:34:37,1,24.72,1,2472
2015-12-11,000605,10:34:22,1,24.72,10,24720
2015-12-11,000605,10:34:13,1,24.72,10,24720
2015-12-11,000605,10:34:04,1,24.72,1,2472
2015-12-11,000605,10:33:19,2,24.77,5,12385
2015-12-11,000605,10:33:07,2,24.77,4,9908
2015-12-11,000605,10:32:55,2,24.77,3,7431
2015-12-11,000605,10:32:40,0,24.76,4,9904
2015-12-11,000605,10:32:16,2,24.72,18,44496
2015-12-11,000605,10:32:07,2,24.72,1,2472
2015-12-11,000605,10:32:04,1,24.72,51,126072
2015-12-11,000605,10:31:52,0,24.78,10,24780
2015-12-11,000605,10:31:40,2,24.79,50,123950
2015-12-11,000605,10:31:28,2,24.79,106,262774
2015-12-11,000605,10:31:13,0,24.78,4,9912
2015-12-11,000605,10:30:58,2,24.79,1,2479
2015-12-11,000605,10:30:46,2,24.77,1,2477
2015-12-11,000605,10:30:43,1,24.75,1,2475
2015-12-11,000605,10:30:37,2,24.75,27,66825
2015-12-11,000605,10:30:34,1,24.7,1,2470
2015-12-11,000605,10:30:22,2,24.7,14,37000
2015-12-11,000605,10:30:13,2,24.68,13,32084
2015-12-11,000605,10:30:07,1,24.66,21,51786
2015-12-11,000605,10:29:55,2,24.68,23,56764
2015-12-11,000605,10:29:34,2,24.68,1,2468
2015-12-11,000605,10:29:19,2,24.68,10,24680
2015-12-11,000605,10:28:52,2,24.68,18,44424
2015-12-11,000605,10:28:46,1,24.66,1,2466
2015-12-11,000605,10:28:28,2,24.68,17,41956
2015-12-11,000605,10:28:22,2,24.68,7,17276
2015-12-11,000605,10:28:07,1,24.59,4,9836
2015-12-11,000605,10:28:04,2,24.68,13,32084
2015-12-11,000605,10:27:58,2,24.66,20,49320
2015-12-11,000605,10:27:43,2,24.66,4,9864
2015-12-11,000605,10:27:22,1,24.58,100,245799
2015-12-11,000605,10:26:55,2,24.68,20,49360
2015-12-11,000605,10:26:49,1,24.58,40,98320
2015-12-11,000605,10:26:42,2,24.68,5,12340
2015-12-11,000605,10:26:39,2,24.68,3,7404
2015-12-11,000605,10:26:33,2,24.68,66,162888
2015-12-11,000605,10:26:27,2,24.68,14,34552
2015-12-11,000605,10:26:21,1,24.67,0,49
2015-12-11,000605,10:26:15,2,24.68,20,49360
2015-12-11,000605,10:26:12,2,24.68,6,14808
2015-12-11,000605,10:26:09,1,24.67,3,7401
2015-12-11,000605,10:26:06,2,24.67,6,17219
2015-12-11,000605,10:26:00,2,24.62,5,12310
2015-12-11,000605,10:25:27,2,24.65,20,49300
2015-12-11,000605,10:25:24,1,24.58,4,9832
2015-12-11,000605,10:25:12,1,24.58,1,2458
2015-12-11,000605,10:24:09,1,24.58,2,4916
2015-12-11,000605,10:24:06,2,24.62,5,12310
2015-12-11,000605,10:23:18,1,24.57,5,12285
2015-12-11,000605,10:23:15,1,24.57,1,2457
2015-12-11,000605,10:23:09,1,24.57,20,49140
2015-12-11,000605,10:23:06,2,24.57,7,17199
2015-12-11,000605,10:22:48,2,24.57,4,9828
2015-12-11,000605,10:22:45,1,24.57,2,4914
2015-12-11,000605,10:22:33,1,24.57,5,12285
2015-12-11,000605,10:22:18,0,24.61,2,4922
2015-12-11,000605,10:22:03,1,24.57,2,4914
2015-12-11,000605,10:21:48,2,24.57,47,115479
2015-12-11,000605,10:21:30,1,24.56,10,24560
2015-12-11,000605,10:21:24,0,24.57,8,19656
2015-12-11,000605,10:21:21,1,24.56,115,282440
2015-12-11,000605,10:21:09,1,24.57,11,27027
2015-12-11,000605,10:21:03,1,24.57,4,9828
2015-12-11,000605,10:20:45,1,24.57,10,24570
2015-12-11,000605,10:20:39,1,24.57,3,7371
2015-12-11,000605,10:20:33,0,24.57,15,36855
2015-12-11,000605,10:20:15,1,24.6,2,4920
2015-12-11,000605,10:20:06,0,24.6,3,7380
2015-12-11,000605,10:19:54,1,24.56,140,343840
2015-12-11,000605,10:19:36,1,24.58,20,49160
2015-12-11,000605,10:19:12,2,24.62,4,9848
2015-12-11,000605,10:19:09,1,24.62,4,9848
2015-12-11,000605,10:18:39,2,24.65,7,17255
2015-12-11,000605,10:18:30,2,24.65,50,123250
2015-12-11,000605,10:18:06,1,24.59,20,49180
2015-12-11,000605,10:17:39,2,24.65,10,24650
2015-12-11,000605,10:17:33,1,24.59,50,122950
2015-12-11,000605,10:17:27,2,24.65,7,17255
2015-12-11,000605,10:17:18,0,24.65,1,2465
2015-12-11,000605,10:16:42,2,24.65,2,4930
2015-12-11,000605,10:16:36,2,24.65,4,9860
2015-12-11,000605,10:16:27,0,24.65,14,34510
2015-12-11,000605,10:16:00,0,24.65,10,24650
2015-12-11,000605,10:15:54,2,24.68,30,74040
2015-12-11,000605,10:15:36,2,24.68,50,123400
2015-12-11,000605,10:15:30,2,24.68,1,2468
2015-12-11,000605,10:15:21,1,24.58,1,2458
2015-12-11,000605,10:15:15,2,24.68,10,24680
2015-12-11,000605,10:15:03,1,24.65,5,12325
2015-12-11,000605,10:14:54,2,24.68,20,49360
2015-12-11,000605,10:14:30,2,24.68,35,86380
2015-12-11,000605,10:14:21,1,24.65,4,9860
2015-12-11,000605,10:14:12,2,24.68,30,74040
2015-12-11,000605,10:13:54,2,24.65,16,39440
2015-12-11,000605,10:13:30,1,24.58,10,24580
2015-12-11,000605,10:13:18,2,24.58,130,319540
2015-12-11,000605,10:13:15,1,24.56,10,24560
2015-12-11,000605,10:13:03,2,24.58,5,12290
2015-12-11,000605,10:12:57,2,24.58,7,17206
2015-12-11,000605,10:12:54,1,24.58,105,258089
2015-12-11,000605,10:12:51,2,24.61,11,27071
2015-12-11,000605,10:12:45,2,24.59,1,2459
2015-12-11,000605,10:12:42,1,24.58,4,9832
2015-12-11,000605,10:12:39,1,24.58,16,39328
2015-12-11,000605,10:12:27,2,24.59,8,19672
2015-12-11,000605,10:12:24,1,24.59,1,2459
2015-12-11,000605,10:12:15,1,24.59,5,12295
2015-12-11,000605,10:12:09,2,24.6,19,46740
2015-12-11,000605,10:12:06,2,24.6,6,14760
2015-12-11,000605,10:11:57,2,24.6,2,4920
2015-12-11,000605,10:11:48,2,24.6,2,4920
2015-12-11,000605,10:11:36,2,24.6,5,12300
2015-12-11,000605,10:11:33,1,24.6,6,14760
2015-12-11,000605,10:11:18,2,24.61,10,24610
2015-12-11,000605,10:11:06,2,24.61,20,49220
2015-12-11,000605,10:11:00,1,24.61,111,273171
2015-12-11,000605,10:10:54,2,24.62,5,12310
2015-12-11,000605,10:10:51,1,24.61,3,7383
2015-12-11,000605,10:10:42,2,24.62,41,100942
2015-12-11,000605,10:10:33,2,24.62,30,73860
2015-12-11,000605,10:10:18,1,24.6,5,12300
2015-12-11,000605,10:10:15,1,24.6,8,19680
2015-12-11,000605,10:10:12,0,24.61,4,9844
2015-12-11,000605,10:10:09,2,24.62,20,49240
2015-12-11,000605,10:09:42,2,24.6,4,9840
2015-12-11,000605,10:09:33,1,24.58,100,245799
2015-12-11,000605,10:09:21,2,24.6,8,19680
2015-12-11,000605,10:09:15,1,24.58,3,7373
2015-12-11,000605,10:08:51,1,24.58,8,19664
2015-12-11,000605,10:08:42,2,24.6,14,34440
2015-12-11,000605,10:08:39,1,24.58,1,2458
2015-12-11,000605,10:08:33,1,24.58,3,7373
2015-12-11,000605,10:08:30,1,24.58,2,4916
2015-12-11,000605,10:08:15,1,24.58,40,98320
2015-12-11,000605,10:08:03,1,24.59,14,34426
2015-12-11,000605,10:08:00,1,24.59,2,4918
2015-12-11,000605,10:07:54,0,24.59,14,34426
2015-12-11,000605,10:07:36,1,24.58,5,12290
2015-12-11,000605,10:07:33,2,24.6,2,4920
2015-12-11,000605,10:07:15,1,24.6,46,113160
2015-12-11,000605,10:07:09,1,24.6,107,263220
2015-12-11,000605,10:07:03,1,24.6,14,34440
2015-12-11,000605,10:06:54,1,24.6,14,34440
2015-12-11,000605,10:06:45,1,24.6,100,246000
2015-12-11,000605,10:06:33,1,24.6,22,54120
2015-12-11,000605,10:06:05,2,24.62,37,91094
2015-12-11,000605,10:05:41,2,24.62,4,9848
2015-12-11,000605,10:05:29,1,24.6,8,19680
2015-12-11,000605,10:05:23,2,24.62,2,4924
2015-12-11,000605,10:05:14,2,24.62,17,41854
2015-12-11,000605,10:05:05,1,24.61,14,34454
2015-12-11,000605,10:04:56,0,24.61,4,9844
2015-12-11,000605,10:04:35,2,24.62,7,17234
2015-12-11,000605,10:04:20,2,24.62,8,19696
2015-12-11,000605,10:04:14,1,24.61,9,22149
2015-12-11,000605,10:04:02,2,24.62,7,17234
2015-12-11,000605,10:03:41,2,24.62,32,78784
2015-12-11,000605,10:03:38,2,24.62,70,172340
2015-12-11,000605,10:03:20,1,24.6,70,172200
2015-12-11,000605,10:03:17,2,24.62,7,17234
2015-12-11,000605,10:03:11,1,24.6,1,2460
2015-12-11,000605,10:03:08,1,24.6,1,2460
2015-12-11,000605,10:03:02,2,24.62,7,17234
2015-12-11,000605,10:02:47,2,24.62,4,9848
2015-12-11,000605,10:02:44,2,24.61,2,4922
2015-12-11,000605,10:02:26,1,24.6,39,95940
2015-12-11,000605,10:02:20,2,24.61,6,14766
2015-12-11,000605,10:02:17,1,24.61,3,7383
2015-12-11,000605,10:02:11,2,24.61,6,14766
2015-12-11,000605,10:01:59,1,24.6,3,7380
2015-12-11,000605,10:01:50,1,24.6,4,9840
2015-12-11,000605,10:01:41,1,24.6,7,17220
2015-12-11,000605,10:01:38,1,24.6,8,19680
2015-12-11,000605,10:01:26,1,24.62,6,14772
2015-12-11,000605,10:01:23,1,24.62,1,2462
2015-12-11,000605,10:01:14,1,24.62,1,2462
2015-12-11,000605,10:01:05,1,24.62,10,24620
2015-12-11,000605,10:01:02,1,24.62,7,17234
2015-12-11,000605,10:00:44,2,24.65,2,4930
2015-12-11,000605,10:00:38,2,24.62,6,14772
2015-12-11,000605,10:00:32,1,24.62,39,96018
2015-12-11,000605,10:00:29,1,24.62,24,59088
2015-12-11,000605,10:00:11,2,24.62,31,76322
2015-12-11,000605,10:00:08,1,24.6,2,4920
2015-12-11,000605,09:59:59,1,24.6,4,9840
2015-12-11,000605,09:59:50,2,24.61,2,4922
2015-12-11,000605,09:59:38,1,24.61,10,24610
2015-12-11,000605,09:59:23,2,24.65,5,12325
2015-12-11,000605,09:59:17,2,24.65,30,73950
2015-12-11,000605,09:59:08,1,24.65,11,27115
2015-12-11,000605,09:59:05,2,24.68,4,9872
2015-12-11,000605,09:59:02,1,24.68,1,2468
2015-12-11,000605,09:58:41,1,24.69,1,2469
2015-12-11,000605,09:58:38,2,24.71,21,51891
2015-12-11,000605,09:58:17,2,24.7,12,29640
2015-12-11,000605,09:58:05,2,24.7,2,4940
2015-12-11,000605,09:58:02,1,24.7,7,17290
2015-12-11,000605,09:57:56,2,24.71,14,34594
2015-12-11,000605,09:57:50,1,24.7,7,17290
2015-12-11,000605,09:57:44,0,24.7,4,9880
2015-12-11,000605,09:57:32,1,24.65,34,83810
2015-12-11,000605,09:57:20,1,24.65,1,2465
2015-12-11,000605,09:57:14,2,24.73,16,39568
2015-12-11,000605,09:57:08,1,24.65,5,12325
2015-12-11,000605,09:57:05,1,24.65,10,24650
2015-12-11,000605,09:56:56,1,24.65,50,123250
2015-12-11,000605,09:56:41,1,24.65,10,24650
2015-12-11,000605,09:56:38,2,24.65,81,199665
2015-12-11,000605,09:56:35,1,24.6,30,73800
2015-12-11,000605,09:56:29,1,24.6,9,22140
2015-12-11,000605,09:56:26,2,24.65,4,9860
2015-12-11,000605,09:56:20,2,24.65,30,73950
2015-12-11,000605,09:55:53,2,24.65,20,49300
2015-12-11,000605,09:55:47,2,24.65,17,41905
2015-12-11,000605,09:55:38,1,24.6,40,98400
2015-12-11,000605,09:55:35,2,24.65,30,73950
2015-12-11,000605,09:55:29,1,24.6,126,309960
2015-12-11,000605,09:55:17,2,24.64,10,24640
2015-12-11,000605,09:55:11,1,24.64,10,24640
2015-12-11,000605,09:55:08,1,24.64,2,4928
2015-12-11,000605,09:55:05,2,24.65,2,4930
2015-12-11,000605,09:55:02,1,24.64,1,2464
2015-12-11,000605,09:54:44,2,24.64,79,194656
2015-12-11,000605,09:54:26,1,24.56,11,27016
2015-12-11,000605,09:54:23,1,24.6,2,4920
2015-12-11,000605,09:54:17,0,24.6,2,4920
2015-12-11,000605,09:53:53,1,24.56,2,4912
2015-12-11,000605,09:53:38,2,24.65,1,2465
2015-12-11,000605,09:53:32,2,24.65,50,123250
2015-12-11,000605,09:53:23,2,24.65,20,49300
2015-12-11,000605,09:53:17,2,24.65,30,73950
2015-12-11,000605,09:53:08,2,24.64,24,59136
2015-12-11,000605,09:53:05,1,24.53,4,9812
2015-12-11,000605,09:52:59,2,24.64,1,2464
2015-12-11,000605,09:52:56,2,24.65,4,9860
2015-12-11,000605,09:52:53,2,24.65,1,2465
2015-12-11,000605,09:52:47,2,24.65,20,49300
2015-12-11,000605,09:52:32,2,24.65,100,246500
2015-12-11,000605,09:52:20,2,24.64,15,36960
2015-12-11,000605,09:51:59,2,24.6,70,172200
2015-12-11,000605,09:51:53,1,24.5,5,12250
2015-12-11,000605,09:51:44,1,24.5,2,4900
2015-12-11,000605,09:51:29,2,24.5,1,2450
2015-12-11,000605,09:51:20,1,24.5,3,7350
2015-12-11,000605,09:50:56,2,24.5,2,4900
2015-12-11,000605,09:50:41,1,24.47,11,26917
2015-12-11,000605,09:50:20,2,24.5,10,24500
2015-12-11,000605,09:49:17,1,24.5,1,2450
2015-12-11,000605,09:49:08,2,24.6,20,49200
2015-12-11,000605,09:49:05,0,24.58,15,36870
2015-12-11,000605,09:48:44,0,24.59,8,19672
2015-12-11,000605,09:48:26,2,24.59,10,24590
2015-12-11,000605,09:48:23,1,24.5,8,19600
2015-12-11,000605,09:48:14,2,24.5,5,12250
2015-12-11,000605,09:47:56,2,24.47,6,14682
2015-12-11,000605,09:47:53,0,24.46,6,14676
2015-12-11,000605,09:47:38,2,24.47,10,24470
2015-12-11,000605,09:47:26,2,24.38,21,51198
2015-12-11,000605,09:47:20,1,24.35,1,2435
2015-12-11,000605,09:47:17,2,24.38,1,2438
2015-12-11,000605,09:46:56,1,24.33,25,60824
2015-12-11,000605,09:46:53,2,24.34,2,4868
2015-12-11,000605,09:46:41,2,24.34,4,9736
2015-12-11,000605,09:46:38,1,24.34,2,4868
2015-12-11,000605,09:46:20,0,24.34,5,12170
2015-12-11,000605,09:45:59,1,24.33,4,9732
2015-12-11,000605,09:45:53,1,24.33,1,2433
2015-12-11,000605,09:45:50,2,24.33,1,2433
2015-12-11,000605,09:45:44,1,24.33,1,2433
2015-12-11,000605,09:45:38,1,24.33,18,43794
2015-12-11,000605,09:45:29,1,24.33,5,12165
2015-12-11,000605,09:45:10,2,24.33,2,4866
2015-12-11,000605,09:45:07,1,24.31,1,2431
2015-12-11,000605,09:44:58,1,24.31,3,7293
2015-12-11,000605,09:44:55,2,24.31,6,14586
2015-12-11,000605,09:44:46,1,24.31,1,2431
2015-12-11,000605,09:44:34,1,24.31,1,2431
2015-12-11,000605,09:44:28,1,24.3,52,126360
2015-12-11,000605,09:44:19,1,24.3,2,4860
2015-12-11,000605,09:44:04,1,24.3,4,9720
2015-12-11,000605,09:43:55,2,24.33,5,12165
2015-12-11,000605,09:43:46,1,24.31,5,12155
2015-12-11,000605,09:43:22,2,24.33,20,48660
2015-12-11,000605,09:43:19,1,24.31,26,63206
2015-12-11,000605,09:43:13,2,24.33,4,9732
2015-12-11,000605,09:43:07,2,24.33,11,26762
2015-12-11,000605,09:43:01,1,24.31,25,60775
2015-12-11,000605,09:42:55,2,24.38,8,19504
2015-12-11,000605,09:42:43,1,24.33,15,36495
2015-12-11,000605,09:42:22,1,24.33,30,72990
2015-12-11,000605,09:41:58,2,24.33,17,41361
2015-12-11,000605,09:41:52,1,24.31,12,29172
2015-12-11,000605,09:41:40,2,24.33,13,31628
2015-12-11,000605,09:41:37,1,24.32,1,2432
2015-12-11,000605,09:41:25,1,24.32,2,4864
2015-12-11,000605,09:41:22,2,24.33,10,24330
2015-12-11,000605,09:41:10,2,24.33,2,4866
2015-12-11,000605,09:40:55,2,24.33,1,2433
2015-12-11,000605,09:40:52,1,24.33,16,38928
2015-12-11,000605,09:40:31,2,24.33,8,19464
2015-12-11,000605,09:40:25,1,24.32,27,65664
2015-12-11,000605,09:40:22,1,24.32,5,12160
2015-12-11,000605,09:40:16,1,24.32,10,24320
2015-12-11,000605,09:40:13,1,24.3,22,53460
2015-12-11,000605,09:40:04,2,24.32,50,121600
2015-12-11,000605,09:39:55,1,24.3,5,12150
2015-12-11,000605,09:39:52,2,24.32,8,19456
2015-12-11,000605,09:39:49,2,24.32,11,26752
2015-12-11,000605,09:39:43,1,24.32,15,36480
2015-12-11,000605,09:39:40,1,24.32,18,43776
2015-12-11,000605,09:39:37,1,24.32,5,12160
2015-12-11,000605,09:39:16,1,24.33,53,128948
2015-12-11,000605,09:38:49,1,24.35,6,14610
2015-12-11,000605,09:38:46,1,24.35,12,29220
2015-12-11,000605,09:38:40,2,24.38,27,65826
2015-12-11,000605,09:38:34,2,24.38,23,56074
2015-12-11,000605,09:38:31,2,24.38,19,46322
2015-12-11,000605,09:38:28,1,24.35,30,73050
2015-12-11,000605,09:38:22,1,24.35,19,46265
2015-12-11,000605,09:38:07,1,24.35,12,29220
2015-12-11,000605,09:38:01,2,24.41,61,148901
2015-12-11,000605,09:37:55,1,24.38,9,21942
2015-12-11,000605,09:37:49,0,24.38,1,2438
2015-12-11,000605,09:37:37,2,24.38,10,24380
2015-12-11,000605,09:37:31,1,24.32,3,7296
2015-12-11,000605,09:37:28,1,24.32,10,24320
2015-12-11,000605,09:37:10,1,24.32,3,7296
2015-12-11,000605,09:37:07,1,24.32,4,9728
2015-12-11,000605,09:36:55,0,24.39,30,73170
2015-12-11,000605,09:36:46,1,24.32,5,12160
2015-12-11,000605,09:36:37,1,24.32,4,9728
2015-12-11,000605,09:36:31,1,24.32,1,2432
2015-12-11,000605,09:36:22,0,24.32,11,26752
2015-12-11,000605,09:36:19,1,24.3,36,87480
2015-12-11,000605,09:36:01,1,24.3,20,48600
2015-12-11,000605,09:35:58,1,24.4,1,2440
2015-12-11,000605,09:35:52,2,24.4,3,7320
2015-12-11,000605,09:35:46,1,24.3,2,4860
2015-12-11,000605,09:35:37,1,24.3,5,12150
2015-12-11,000605,09:35:28,0,24.3,65,157950
2015-12-11,000605,09:35:22,2,24.2,69,166980
2015-12-11,000605,09:35:16,2,24.2,18,43560
2015-12-11,000605,09:35:13,2,24.2,4,9680
2015-12-11,000605,09:35:10,1,24.2,180,435600
2015-12-11,000605,09:34:58,2,24.24,7,16968
2015-12-11,000605,09:34:55,1,24.24,10,24240
2015-12-11,000605,09:34:49,2,24.4,20,48800
2015-12-11,000605,09:34:43,2,24.37,50,121850
2015-12-11,000605,09:34:37,2,24.33,2,4866
2015-12-11,000605,09:34:34,1,24.33,187,454970
2015-12-11,000605,09:34:25,2,24.37,37,90169
2015-12-11,000605,09:34:22,2,24.37,2,4874
2015-12-11,000605,09:34:19,1,24.36,169,411684
2015-12-11,000605,09:34:04,2,24.41,15,36615
2015-12-11,000605,09:34:01,2,24.41,67,163547
2015-12-11,000605,09:33:55,2,24.41,12,29292
2015-12-11,000605,09:33:52,1,24.4,14,34160
2015-12-11,000605,09:33:49,1,24.4,19,46360
2015-12-11,000605,09:33:46,2,24.41,15,36615
2015-12-11,000605,09:33:43,1,24.4,9,21960
2015-12-11,000605,09:33:40,2,24.41,10,24410
2015-12-11,000605,09:33:34,2,24.41,10,24410
2015-12-11,000605,09:33:25,1,24.41,6,14646
2015-12-11,000605,09:33:22,0,24.45,2,4890
2015-12-11,000605,09:33:16,1,24.41,8,19528
2015-12-11,000605,09:33:13,2,24.45,31,75795
2015-12-11,000605,09:33:10,1,24.39,43,104877
2015-12-11,000605,09:33:07,1,24.4,10,24400
2015-12-11,000605,09:33:04,1,24.41,1,2441
2015-12-11,000605,09:33:01,0,24.41,2,4882
2015-12-11,000605,09:32:58,1,24.4,7,17080
2015-12-11,000605,09:32:55,0,24.48,30,73440
2015-12-11,000605,09:32:43,1,24.4,121,295240
2015-12-11,000605,09:32:25,0,24.48,1,2448
2015-12-11,000605,09:31:55,2,24.6,43,105780
2015-12-11,000605,09:31:37,1,24.4,50,122000
2015-12-11,000605,09:31:34,2,24.45,16,39120
2015-12-11,000605,09:31:31,2,24.41,3,7323
2015-12-11,000605,09:31:28,1,24.4,41,100040
2015-12-11,000605,09:31:22,1,24.44,4,9776
2015-12-11,000605,09:31:16,2,24.45,12,29340
2015-12-11,000605,09:31:13,2,24.45,16,39120
2015-12-11,000605,09:31:04,1,24.45,40,97800
2015-12-11,000605,09:30:55,2,24.5,3,7350
2015-12-11,000605,09:30:52,0,24.5,5,12250
2015-12-11,000605,09:30:49,0,24.5,5,12250
2015-12-11,000605,09:30:28,1,24.6,4,9840
2015-12-11,000605,09:30:04,2,24.6,42,103320
2015-12-11,000605,09:30:01,2,24.65,5,12325
2015-12-11,000605,09:25:04,2,24.6,19,46740
