2015-12-16,600436,15:00:07,1,59.36,0,0
2015-12-16,600436,14:59:57,2,59.39,12,71268
2015-12-16,600436,14:59:47,0,59.37,2,11874
2015-12-16,600436,14:59:42,1,59.36,77,457072
2015-12-16,600436,14:59:37,2,59.36,86,510496
2015-12-16,600436,14:59:32,2,59.36,1,5936
2015-12-16,600436,14:59:27,2,59.36,2,11872
2015-12-16,600436,14:59:22,2,59.36,15,89040
2015-12-16,600436,14:59:17,2,59.36,26,154336
2015-12-16,600436,14:59:12,0,59.35,1,5935
2015-12-16,600436,14:59:07,1,59.33,16,94928
2015-12-16,600436,14:59:02,1,59.35,9,54839
2015-12-16,600436,14:58:57,2,59.34,34,201756
2015-12-16,600436,14:58:52,2,59.33,18,106794
2015-12-16,600436,14:58:47,2,59.33,12,71196
2015-12-16,600436,14:58:42,1,59.3,24,142320
2015-12-16,600436,14:58:37,2,59.33,7,41531
2015-12-16,600436,14:58:22,2,59.3,7,41510
2015-12-16,600436,14:58:12,1,59.27,5,29635
2015-12-16,600436,14:58:07,2,59.27,10,59270
2015-12-16,600436,14:58:01,1,59.24,4,23696
2015-12-16,600436,14:57:46,1,59.23,5,29615
2015-12-16,600436,14:57:36,1,59.23,5,29615
2015-12-16,600436,14:57:26,2,59.23,15,88845
2015-12-16,600436,14:57:21,1,59.21,1,5921
2015-12-16,600436,14:57:16,2,59.23,6,35538
2015-12-16,600436,14:57:11,1,59.22,10,59220
2015-12-16,600436,14:57:06,2,59.23,25,148075
2015-12-16,600436,14:57:01,2,59.23,1,5923
2015-12-16,600436,14:56:56,1,59.21,33,195393
2015-12-16,600436,14:56:51,1,59.21,3,17763
2015-12-16,600436,14:56:46,1,59.21,3,17763
2015-12-16,600436,14:56:41,2,59.21,11,65131
2015-12-16,600436,14:56:36,2,59.21,51,301971
2015-12-16,600436,14:56:31,2,59.21,1,5921
2015-12-16,600436,14:56:26,2,59.21,34,201314
2015-12-16,600436,14:56:21,1,59.21,22,130735
2015-12-16,600436,14:56:16,2,59.22,2,11844
2015-12-16,600436,14:56:11,2,59.22,4,23688
2015-12-16,600436,14:56:06,0,59.21,1,11368
2015-12-16,600436,14:56:01,1,59.2,23,136160
2015-12-16,600436,14:55:56,2,59.21,106,627626
2015-12-16,600436,14:55:51,2,59.21,7,41447
2015-12-16,600436,14:55:41,2,59.21,11,65131
2015-12-16,600436,14:55:36,2,59.22,16,94752
2015-12-16,600436,14:55:31,1,59.21,8,47368
2015-12-16,600436,14:55:21,1,59.21,6,35526
2015-12-16,600436,14:55:16,2,59.22,4,23688
2015-12-16,600436,14:55:11,1,59.21,6,35526
2015-12-16,600436,14:55:06,1,59.21,14,82894
2015-12-16,600436,14:55:01,2,59.22,82,485604
2015-12-16,600436,14:54:51,1,59.21,2,11842
2015-12-16,600436,14:54:41,1,59.21,13,76973
2015-12-16,600436,14:54:36,1,59.21,5,29605
2015-12-16,600436,14:54:31,1,59.22,4,23688
2015-12-16,600436,14:54:25,2,59.23,3,17769
2015-12-16,600436,14:54:20,2,59.23,3,17769
2015-12-16,600436,14:54:15,0,59.23,11,65153
2015-12-16,600436,14:54:10,1,59.22,9,53298
2015-12-16,600436,14:54:05,1,59.22,12,71064
2015-12-16,600436,14:54:00,1,59.25,78,462150
2015-12-16,600436,14:53:55,2,59.25,68,402900
2015-12-16,600436,14:53:50,2,59.25,4,23700
2015-12-16,600436,14:53:45,0,59.23,1,5923
2015-12-16,600436,14:53:35,2,59.23,2,11846
2015-12-16,600436,14:53:25,1,59.23,18,106614
2015-12-16,600436,14:53:20,1,59.25,6,35550
2015-12-16,600436,14:53:15,2,59.27,3,17781
2015-12-16,600436,14:53:10,0,59.26,5,29630
2015-12-16,600436,14:53:00,2,59.27,2,11854
2015-12-16,600436,14:52:55,1,59.28,1,6402
2015-12-16,600436,14:52:50,2,59.28,24,147725
2015-12-16,600436,14:52:45,1,59.26,6,35556
2015-12-16,600436,14:52:35,1,59.27,63,373401
2015-12-16,600436,14:52:30,2,59.28,2,11856
2015-12-16,600436,14:52:25,1,59.27,2,11854
2015-12-16,600436,14:52:20,2,59.28,6,35568
2015-12-16,600436,14:52:15,2,59.28,1,5928
2015-12-16,600436,14:52:10,2,59.28,1,5928
2015-12-16,600436,14:52:05,1,59.28,35,207954
2015-12-16,600436,14:52:00,1,59.28,2,11856
2015-12-16,600436,14:51:50,1,59.28,3,17784
2015-12-16,600436,14:51:40,1,59.28,2,11856
2015-12-16,600436,14:51:35,2,59.3,10,59300
2015-12-16,600436,14:51:30,1,59.28,9,53352
2015-12-16,600436,14:51:25,2,59.3,2,11860
2015-12-16,600436,14:51:20,1,59.3,16,94880
2015-12-16,600436,14:51:00,2,59.31,49,296075
2015-12-16,600436,14:50:49,1,59.3,0,474
2015-12-16,600436,14:50:44,1,59.3,7,41510
2015-12-16,600436,14:50:34,2,59.31,1,5931
2015-12-16,600436,14:50:29,1,59.3,5,29650
2015-12-16,600436,14:50:24,1,59.3,60,355800
2015-12-16,600436,14:50:19,1,59.3,2,11860
2015-12-16,600436,14:50:09,1,59.3,2,11860
2015-12-16,600436,14:50:04,1,59.3,10,59300
2015-12-16,600436,14:49:59,1,59.3,3,17790
2015-12-16,600436,14:49:54,2,59.33,1,5933
2015-12-16,600436,14:49:49,1,59.3,65,385450
2015-12-16,600436,14:49:44,2,59.33,1,5933
2015-12-16,600436,14:49:39,1,59.3,10,63213
2015-12-16,600436,14:49:34,1,59.3,200,1186000
2015-12-16,600436,14:49:24,1,59.3,2,11860
2015-12-16,600436,14:49:19,1,59.32,1,5932
2015-12-16,600436,14:49:14,1,59.3,8,47440
2015-12-16,600436,14:49:09,2,59.32,1,5932
2015-12-16,600436,14:49:04,1,59.3,50,296500
2015-12-16,600436,14:48:54,0,59.31,6,35586
2015-12-16,600436,14:48:49,1,59.3,32,189760
2015-12-16,600436,14:48:44,2,59.31,7,41517
2015-12-16,600436,14:48:34,1,59.31,25,148275
2015-12-16,600436,14:48:29,1,59.32,3,17796
2015-12-16,600436,14:48:24,1,59.32,6,35592
2015-12-16,600436,14:48:19,2,59.33,1,5933
2015-12-16,600436,14:48:14,1,59.33,6,35598
2015-12-16,600436,14:47:59,2,59.34,2,11868
2015-12-16,600436,14:47:49,1,59.34,5,29670
2015-12-16,600436,14:47:44,2,59.36,1,5936
2015-12-16,600436,14:47:34,2,59.36,1,5936
2015-12-16,600436,14:47:24,2,59.36,3,17808
2015-12-16,600436,14:47:13,1,59.34,1,5934
2015-12-16,600436,14:46:53,2,59.36,1,5936
2015-12-16,600436,14:46:43,2,59.35,10,59350
2015-12-16,600436,14:46:38,1,59.33,5,29665
2015-12-16,600436,14:46:28,2,59.36,1,5936
2015-12-16,600436,14:46:18,2,59.36,40,237440
2015-12-16,600436,14:46:13,1,59.3,156,925732
2015-12-16,600436,14:46:03,2,59.37,2,11874
2015-12-16,600436,14:45:48,2,59.37,1,5937
2015-12-16,600436,14:45:38,2,59.37,3,17811
2015-12-16,600436,14:45:23,2,59.35,43,255205
2015-12-16,600436,14:45:18,2,59.35,6,35610
2015-12-16,600436,14:45:13,1,59.34,15,89010
2015-12-16,600436,14:45:03,1,59.34,8,47472
2015-12-16,600436,14:44:58,1,59.34,1,5934
2015-12-16,600436,14:44:53,1,59.34,15,89010
2015-12-16,600436,14:44:48,0,59.35,1,5935
2015-12-16,600436,14:44:28,1,59.34,30,178020
2015-12-16,600436,14:44:23,2,59.35,31,187842
2015-12-16,600436,14:44:18,2,59.35,3,17805
2015-12-16,600436,14:44:08,1,59.34,13,77142
2015-12-16,600436,14:43:58,2,59.34,9,53406
2015-12-16,600436,14:43:53,2,59.34,2,11868
2015-12-16,600436,14:43:48,1,59.33,1,5933
2015-12-16,600436,14:43:43,2,59.34,1,5934
2015-12-16,600436,14:43:37,1,59.34,3,17802
2015-12-16,600436,14:43:22,2,59.35,15,89025
2015-12-16,600436,14:43:17,1,59.35,67,399722
2015-12-16,600436,14:43:07,2,59.36,2,11872
2015-12-16,600436,14:42:52,1,59.35,21,124635
2015-12-16,600436,14:42:42,1,59.35,20,118700
2015-12-16,600436,14:42:37,0,59.37,7,41559
2015-12-16,600436,14:42:32,2,59.38,34,201892
2015-12-16,600436,14:42:27,1,59.35,4,23740
2015-12-16,600436,14:42:17,2,59.37,3,17811
2015-12-16,600436,14:42:12,1,59.35,21,125881
2015-12-16,600436,14:42:07,2,59.38,5,29690
2015-12-16,600436,14:42:02,1,59.36,22,130592
2015-12-16,600436,14:41:52,0,59.38,11,65318
2015-12-16,600436,14:41:27,1,59.35,1,5935
2015-12-16,600436,14:41:22,1,59.35,58,347969
2015-12-16,600436,14:41:17,1,59.38,9,53442
2015-12-16,600436,14:41:12,2,59.39,2,11878
2015-12-16,600436,14:41:07,2,59.39,5,29695
2015-12-16,600436,14:41:02,1,59.38,1,5938
2015-12-16,600436,14:40:52,2,59.38,4,23752
2015-12-16,600436,14:40:37,2,59.38,8,47504
2015-12-16,600436,14:40:32,2,59.38,1,5938
2015-12-16,600436,14:40:27,2,59.38,5,29690
2015-12-16,600436,14:40:22,2,59.38,1,5938
2015-12-16,600436,14:40:17,1,59.35,31,183985
2015-12-16,600436,14:40:12,1,59.35,1,5935
2015-12-16,600436,14:40:07,2,59.35,5,34482
2015-12-16,600436,14:40:01,2,59.35,10,59350
2015-12-16,600436,14:39:56,2,59.35,2,11870
2015-12-16,600436,14:39:51,2,59.35,5,29675
2015-12-16,600436,14:39:46,2,59.35,42,249270
2015-12-16,600436,14:39:26,2,59.35,5,29675
2015-12-16,600436,14:39:21,2,59.35,8,47480
2015-12-16,600436,14:39:16,2,59.35,4,23740
2015-12-16,600436,14:39:11,2,59.35,2,11870
2015-12-16,600436,14:39:06,1,59.35,7,42672
2015-12-16,600436,14:39:01,1,59.35,10,59350
2015-12-16,600436,14:38:56,2,59.35,6,40417
2015-12-16,600436,14:38:51,1,59.35,53,314555
2015-12-16,600436,14:38:46,1,59.35,4,23740
2015-12-16,600436,14:38:21,1,59.35,5,29675
2015-12-16,600436,14:38:16,2,59.38,1,5938
2015-12-16,600436,14:38:11,1,59.35,9,53415
2015-12-16,600436,14:38:06,2,59.38,29,172202
2015-12-16,600436,14:38:01,2,59.38,8,47504
2015-12-16,600436,14:37:51,1,59.35,37,219595
2015-12-16,600436,14:37:36,1,59.36,24,142464
2015-12-16,600436,14:37:31,2,59.38,6,35628
2015-12-16,600436,14:37:26,1,59.35,13,77155
2015-12-16,600436,14:37:21,2,59.36,3,17808
2015-12-16,600436,14:37:16,2,59.35,6,35610
2015-12-16,600436,14:37:01,2,59.35,6,35610
2015-12-16,600436,14:36:51,2,59.33,6,35598
2015-12-16,600436,14:36:35,2,59.33,3,17799
2015-12-16,600436,14:36:30,1,59.3,50,296500
2015-12-16,600436,14:36:25,2,59.31,17,103792
2015-12-16,600436,14:36:15,2,59.31,27,160137
2015-12-16,600436,14:36:10,1,59.31,15,88965
2015-12-16,600436,14:36:05,2,59.32,1,5932
2015-12-16,600436,14:36:00,1,59.31,3,17793
2015-12-16,600436,14:35:50,2,59.33,4,23732
2015-12-16,600436,14:35:45,1,59.31,21,124551
2015-12-16,600436,14:35:40,1,59.31,20,118620
2015-12-16,600436,14:35:35,1,59.32,1,5932
2015-12-16,600436,14:35:30,1,59.32,17,100844
2015-12-16,600436,14:35:25,1,59.33,5,29665
2015-12-16,600436,14:35:20,2,59.35,6,35610
2015-12-16,600436,14:35:10,2,59.33,1,5933
2015-12-16,600436,14:35:05,1,59.31,7,41517
2015-12-16,600436,14:35:00,1,59.31,20,118620
2015-12-16,600436,14:34:30,1,59.31,20,118620
2015-12-16,600436,14:34:25,2,59.35,1,5935
2015-12-16,600436,14:34:20,1,59.33,5,34411
2015-12-16,600436,14:34:10,2,59.35,2,11870
2015-12-16,600436,14:34:00,2,59.35,1,5935
2015-12-16,600436,14:33:55,2,59.35,7,41545
2015-12-16,600436,14:33:50,1,59.35,3,17805
2015-12-16,600436,14:33:45,2,59.36,6,35616
2015-12-16,600436,14:33:35,1,59.36,2,13059
2015-12-16,600436,14:33:30,1,59.36,1,5936
2015-12-16,600436,14:33:25,1,59.36,4,23744
2015-12-16,600436,14:33:15,1,59.36,6,35616
2015-12-16,600436,14:33:10,1,59.36,2,11872
2015-12-16,600436,14:33:05,2,59.36,1,10684
2015-12-16,600436,14:32:55,1,59.36,2,13059
2015-12-16,600436,14:32:49,1,59.36,25,148400
2015-12-16,600436,14:32:39,1,59.36,1,5936
2015-12-16,600436,14:32:34,2,59.36,17,105660
2015-12-16,600436,14:32:24,2,59.36,5,29680
2015-12-16,600436,14:32:19,2,59.36,4,23744
2015-12-16,600436,14:32:14,2,59.36,49,290864
2015-12-16,600436,14:32:09,1,59.35,8,47480
2015-12-16,600436,14:32:04,1,59.35,16,94960
2015-12-16,600436,14:31:54,1,59.36,2,11872
2015-12-16,600436,14:31:49,1,59.36,1,5936
2015-12-16,600436,14:31:44,2,59.39,11,65329
2015-12-16,600436,14:31:39,2,59.39,5,29695
2015-12-16,600436,14:31:24,1,59.38,2,11876
2015-12-16,600436,14:31:09,0,59.39,3,17817
2015-12-16,600436,14:30:49,2,59.4,10,59400
2015-12-16,600436,14:30:34,2,59.4,5,29700
2015-12-16,600436,14:30:19,2,59.4,5,29700
2015-12-16,600436,14:30:14,2,59.38,1,5938
2015-12-16,600436,14:30:09,2,59.38,1,5938
2015-12-16,600436,14:30:04,1,59.38,1,5938
2015-12-16,600436,14:29:59,2,59.4,3,17820
2015-12-16,600436,14:29:54,2,59.38,2,11876
2015-12-16,600436,14:29:49,1,59.35,3,17805
2015-12-16,600436,14:29:39,2,59.35,16,96206
2015-12-16,600436,14:29:34,2,59.35,50,296750
2015-12-16,600436,14:29:29,2,59.33,2,11866
2015-12-16,600436,14:29:24,2,59.33,5,29665
2015-12-16,600436,14:29:19,2,59.33,9,53397
2015-12-16,600436,14:29:13,1,59.33,17,100861
2015-12-16,600436,14:29:08,2,59.35,73,433255
2015-12-16,600436,14:28:48,2,59.33,11,65263
2015-12-16,600436,14:28:43,1,59.31,24,142344
2015-12-16,600436,14:28:33,1,59.31,4,23724
2015-12-16,600436,14:28:28,2,59.32,10,59320
2015-12-16,600436,14:28:23,2,59.32,6,35592
2015-12-16,600436,14:28:13,1,59.32,22,130504
2015-12-16,600436,14:28:08,1,59.32,12,71184
2015-12-16,600436,14:28:03,2,59.33,75,444975
2015-12-16,600436,14:27:58,1,59.33,60,360667
2015-12-16,600436,14:27:38,1,59.34,6,35604
2015-12-16,600436,14:27:33,2,59.35,29,172115
2015-12-16,600436,14:27:28,2,59.35,3,17805
2015-12-16,600436,14:27:18,1,59.35,28,166180
2015-12-16,600436,14:26:53,1,59.35,8,47480
2015-12-16,600436,14:26:48,1,59.38,3,17814
2015-12-16,600436,14:26:38,1,59.38,2,11876
2015-12-16,600436,14:26:28,2,59.38,1,5938
2015-12-16,600436,14:26:13,1,59.34,1,5934
2015-12-16,600436,14:26:08,1,59.38,2,11876
2015-12-16,600436,14:25:43,2,59.38,1,5938
2015-12-16,600436,14:25:33,1,59.33,26,154258
2015-12-16,600436,14:25:27,2,59.33,10,60575
2015-12-16,600436,14:25:22,2,59.33,89,528037
2015-12-16,600436,14:25:17,2,59.33,5,29665
2015-12-16,600436,14:25:07,2,59.33,3,17799
2015-12-16,600436,14:25:02,1,59.33,26,154258
2015-12-16,600436,14:24:52,2,59.4,1,5940
2015-12-16,600436,14:24:47,2,59.4,1,5940
2015-12-16,600436,14:24:42,1,59.4,103,611820
2015-12-16,600436,14:24:37,2,59.45,1,5945
2015-12-16,600436,14:24:27,1,59.4,36,213840
2015-12-16,600436,14:24:17,1,59.45,19,112955
2015-12-16,600436,14:24:12,1,59.45,7,41615
2015-12-16,600436,14:24:07,2,59.46,4,23784
2015-12-16,600436,14:23:52,2,59.46,19,112974
2015-12-16,600436,14:23:47,2,59.45,2,11890
2015-12-16,600436,14:23:42,2,59.45,15,89175
2015-12-16,600436,14:23:37,2,59.45,10,59450
2015-12-16,600436,14:23:32,2,59.45,1,5945
2015-12-16,600436,14:23:27,0,59.41,1,5941
2015-12-16,600436,14:23:22,2,59.45,3,17835
2015-12-16,600436,14:23:17,1,59.4,5,29700
2015-12-16,600436,14:23:12,1,59.4,7,41580
2015-12-16,600436,14:23:07,2,59.4,99,588060
2015-12-16,600436,14:22:42,2,59.33,10,59330
2015-12-16,600436,14:22:37,1,59.31,13,77103
2015-12-16,600436,14:22:27,0,59.32,1,5932
2015-12-16,600436,14:22:07,1,59.3,18,106740
2015-12-16,600436,14:21:56,2,59.33,14,83062
2015-12-16,600436,14:21:51,2,59.3,22,130460
2015-12-16,600436,14:21:46,2,59.3,1,5930
2015-12-16,600436,14:21:41,2,59.3,11,65230
2015-12-16,600436,14:21:36,1,59.3,32,189760
2015-12-16,600436,14:21:31,2,59.33,8,47464
2015-12-16,600436,14:21:26,2,59.33,28,166124
2015-12-16,600436,14:21:16,2,59.33,9,53397
2015-12-16,600436,14:21:11,0,59.3,7,41510
2015-12-16,600436,14:21:06,1,59.28,8,47424
2015-12-16,600436,14:21:01,2,59.33,1,5933
2015-12-16,600436,14:20:56,2,59.33,17,100861
2015-12-16,600436,14:20:51,0,59.32,8,47456
2015-12-16,600436,14:20:36,2,59.33,5,29665
2015-12-16,600436,14:20:31,2,59.32,11,65252
2015-12-16,600436,14:20:26,1,59.32,22,130504
2015-12-16,600436,14:20:21,2,59.33,14,83062
2015-12-16,600436,14:20:16,1,59.33,24,142392
2015-12-16,600436,14:20:06,2,59.35,2,11870
2015-12-16,600436,14:20:01,2,59.35,2,11870
2015-12-16,600436,14:19:51,2,59.33,16,94928
2015-12-16,600436,14:19:46,1,59.32,2,11864
2015-12-16,600436,14:19:36,2,59.33,7,41531
2015-12-16,600436,14:19:31,2,59.32,10,59320
2015-12-16,600436,14:19:26,1,59.3,5,29650
2015-12-16,600436,14:19:21,2,59.32,3,17796
2015-12-16,600436,14:19:11,2,59.3,84,498120
2015-12-16,600436,14:19:06,2,59.28,1,5928
2015-12-16,600436,14:19:01,1,59.21,5,29605
2015-12-16,600436,14:18:51,0,59.21,10,59210
2015-12-16,600436,14:18:41,2,59.2,12,71040
2015-12-16,600436,14:18:31,2,59.19,13,76947
2015-12-16,600436,14:18:26,2,59.2,20,118400
2015-12-16,600436,14:18:20,1,59.19,16,94704
2015-12-16,600436,14:18:15,1,59.19,14,82866
2015-12-16,600436,14:18:10,2,59.2,4,23680
2015-12-16,600436,14:18:05,2,59.2,6,35520
2015-12-16,600436,14:18:00,1,59.2,47,278240
2015-12-16,600436,14:17:55,0,59.3,2,11860
2015-12-16,600436,14:17:50,0,59.32,50,296600
2015-12-16,600436,14:17:40,1,59.3,11,65230
2015-12-16,600436,14:17:35,0,59.31,1,5931
2015-12-16,600436,14:17:25,1,59.3,36,213480
2015-12-16,600436,14:17:20,0,59.35,1,5935
2015-12-16,600436,14:17:15,1,59.3,18,106740
2015-12-16,600436,14:17:10,2,59.37,1,5937
2015-12-16,600436,14:17:05,1,59.3,34,201620
2015-12-16,600436,14:17:00,1,59.36,6,35616
2015-12-16,600436,14:16:55,1,59.38,3,17814
2015-12-16,600436,14:16:40,1,59.4,50,297000
2015-12-16,600436,14:16:35,1,59.42,139,830632
2015-12-16,600436,14:16:25,1,59.45,4,23780
2015-12-16,600436,14:16:20,1,59.45,11,65395
2015-12-16,600436,14:16:00,1,59.47,3,17841
2015-12-16,600436,14:15:55,1,59.47,60,356820
2015-12-16,600436,14:15:45,1,59.5,10,62832
2015-12-16,600436,14:15:40,1,59.5,16,95200
2015-12-16,600436,14:15:35,1,59.5,6,35700
2015-12-16,600436,14:15:30,1,59.5,20,119000
2015-12-16,600436,14:15:15,1,59.5,32,191709
2015-12-16,600436,14:15:10,0,59.54,1,7263
2015-12-16,600436,14:15:05,1,59.5,13,77350
2015-12-16,600436,14:15:00,1,59.54,8,47632
2015-12-16,600436,14:14:44,1,59.55,30,178650
2015-12-16,600436,14:14:39,1,59.55,9,53595
2015-12-16,600436,14:14:19,1,59.55,9,53595
2015-12-16,600436,14:14:14,1,59.55,11,65505
2015-12-16,600436,14:14:04,0,59.55,42,250110
2015-12-16,600436,14:13:19,1,59.5,5,29750
2015-12-16,600436,14:13:04,0,59.6,2,11920
2015-12-16,600436,14:12:49,2,59.61,5,29805
2015-12-16,600436,14:12:44,1,59.47,20,118940
2015-12-16,600436,14:12:34,1,59.47,10,59470
2015-12-16,600436,14:12:29,2,59.47,2,11894
2015-12-16,600436,14:12:24,2,59.45,4,23780
2015-12-16,600436,14:12:19,1,59.44,14,83216
2015-12-16,600436,14:12:14,2,59.46,1,5946
2015-12-16,600436,14:12:09,2,59.46,1,5946
2015-12-16,600436,14:12:04,1,59.43,12,71316
2015-12-16,600436,14:11:59,0,59.45,2,11890
2015-12-16,600436,14:11:54,2,59.45,11,65395
2015-12-16,600436,14:11:44,1,59.43,1,5943
2015-12-16,600436,14:11:39,0,59.43,2,11886
2015-12-16,600436,14:11:24,1,59.42,13,77246
2015-12-16,600436,14:11:19,2,59.43,3,17829
2015-12-16,600436,14:11:14,1,59.42,2,11884
2015-12-16,600436,14:11:08,2,59.43,9,53487
2015-12-16,600436,14:11:03,2,59.43,1,5943
2015-12-16,600436,14:10:58,1,59.42,16,95072
2015-12-16,600436,14:10:53,1,59.42,3,17826
2015-12-16,600436,14:10:48,0,59.45,2,11890
2015-12-16,600436,14:10:33,2,59.46,76,453144
2015-12-16,600436,14:10:28,0,59.45,1,5945
2015-12-16,600436,14:10:18,1,59.42,20,118840
2015-12-16,600436,14:10:13,0,59.45,1,5945
2015-12-16,600436,14:10:03,2,59.46,15,89190
2015-12-16,600436,14:09:58,1,59.46,3,17838
2015-12-16,600436,14:09:33,1,59.47,1,5947
2015-12-16,600436,14:09:23,1,59.48,4,23792
2015-12-16,600436,14:09:18,1,59.48,1,5948
2015-12-16,600436,14:09:13,1,59.48,25,148700
2015-12-16,600436,14:09:03,1,59.5,40,242462
2015-12-16,600436,14:08:58,1,59.5,48,285600
2015-12-16,600436,14:08:53,2,59.51,6,35706
2015-12-16,600436,14:08:48,2,59.51,12,71412
2015-12-16,600436,14:08:43,1,59.5,1,5950
2015-12-16,600436,14:08:38,0,59.51,64,380864
2015-12-16,600436,14:08:28,1,59.5,42,249900
2015-12-16,600436,14:08:23,1,59.51,12,71412
2015-12-16,600436,14:08:13,1,59.55,36,219084
2015-12-16,600436,14:08:08,2,59.61,35,208635
2015-12-16,600436,14:08:03,2,59.61,30,178830
2015-12-16,600436,14:07:53,1,59.58,51,303858
2015-12-16,600436,14:07:37,2,59.61,76,453036
2015-12-16,600436,14:07:27,1,59.6,60,357600
2015-12-16,600436,14:07:22,1,59.6,3,17880
2015-12-16,600436,14:07:12,2,59.65,20,119300
2015-12-16,600436,14:07:07,1,59.61,1,5961
2015-12-16,600436,14:06:57,1,59.61,6,35766
2015-12-16,600436,14:06:52,1,59.6,6,35760
2015-12-16,600436,14:06:47,1,59.6,1,5960
2015-12-16,600436,14:06:42,1,59.61,1,5961
2015-12-16,600436,14:06:37,1,59.65,1,5965
2015-12-16,600436,14:06:27,2,59.61,2,11922
2015-12-16,600436,14:06:22,1,59.61,9,53649
2015-12-16,600436,14:05:52,2,59.68,8,47744
2015-12-16,600436,14:05:47,1,59.61,3,17883
2015-12-16,600436,14:05:32,2,59.65,11,65615
2015-12-16,600436,14:05:22,0,59.61,2,11922
2015-12-16,600436,14:05:07,2,59.65,2,11930
2015-12-16,600436,14:05:02,1,59.6,100,596000
2015-12-16,600436,14:04:57,2,59.65,11,65615
2015-12-16,600436,14:04:52,1,59.62,1,5962
2015-12-16,600436,14:04:42,2,59.65,2,11930
2015-12-16,600436,14:04:22,2,59.65,1,5965
2015-12-16,600436,14:03:41,2,59.65,2,11930
2015-12-16,600436,14:03:31,1,59.61,11,65571
2015-12-16,600436,14:03:16,2,59.68,3,17904
2015-12-16,600436,14:03:01,2,59.68,10,59680
2015-12-16,600436,14:02:46,0,59.64,1,5964
2015-12-16,600436,14:02:36,1,59.61,20,119220
2015-12-16,600436,14:02:21,0,59.63,11,65593
2015-12-16,600436,14:02:01,2,59.69,10,59690
2015-12-16,600436,14:01:36,1,59.61,10,59610
2015-12-16,600436,14:00:56,2,59.7,5,29850
2015-12-16,600436,14:00:51,1,59.61,10,59610
2015-12-16,600436,14:00:41,1,59.61,1,5961
2015-12-16,600436,14:00:05,0,59.61,7,41727
2015-12-16,600436,13:59:45,1,59.6,12,71520
2015-12-16,600436,13:59:25,2,59.7,5,29850
2015-12-16,600436,13:59:00,1,59.6,3,17880
2015-12-16,600436,13:58:55,1,59.6,52,309920
2015-12-16,600436,13:58:40,1,59.68,1,5968
2015-12-16,600436,13:58:35,1,59.68,7,41776
2015-12-16,600436,13:58:25,1,59.7,12,71640
2015-12-16,600436,13:58:10,1,59.7,25,149250
2015-12-16,600436,13:58:05,1,59.7,13,77610
2015-12-16,600436,13:57:55,1,59.71,5,29855
2015-12-16,600436,13:57:40,1,59.71,34,203014
2015-12-16,600436,13:57:15,1,59.72,1,5972
2015-12-16,600436,13:56:54,0,59.73,5,29865
2015-12-16,600436,13:56:14,2,59.74,32,191168
2015-12-16,600436,13:56:04,1,59.73,2,11946
2015-12-16,600436,13:55:49,2,59.74,1,5974
2015-12-16,600436,13:55:44,2,59.74,12,71688
2015-12-16,600436,13:55:39,0,59.74,2,11948
2015-12-16,600436,13:55:24,2,59.75,5,29875
2015-12-16,600436,13:55:19,1,59.74,2,11948
2015-12-16,600436,13:55:09,2,59.74,3,17922
2015-12-16,600436,13:54:59,0,59.74,1,5974
2015-12-16,600436,13:54:24,1,59.75,10,59750
2015-12-16,600436,13:54:19,1,59.75,19,113525
2015-12-16,600436,13:53:34,1,59.75,5,29875
2015-12-16,600436,13:53:24,1,59.75,62,370450
2015-12-16,600436,13:53:18,2,59.77,3,17931
2015-12-16,600436,13:53:13,2,59.77,14,83678
2015-12-16,600436,13:53:03,1,59.75,6,35850
2015-12-16,600436,13:52:58,1,59.75,2,11950
2015-12-16,600436,13:52:53,2,59.77,20,119540
2015-12-16,600436,13:52:48,1,59.75,9,53775
2015-12-16,600436,13:52:13,2,59.75,80,478000
2015-12-16,600436,13:52:08,1,59.71,2,11942
2015-12-16,600436,13:52:03,1,59.71,104,620984
2015-12-16,600436,13:51:58,2,59.75,11,65725
2015-12-16,600436,13:51:48,1,59.71,1,5971
2015-12-16,600436,13:51:43,2,59.75,29,173275
2015-12-16,600436,13:51:33,2,59.71,6,35826
2015-12-16,600436,13:51:13,2,59.71,339,2024169
2015-12-16,600436,13:50:53,2,59.63,2,11926
2015-12-16,600436,13:50:34,1,59.58,19,113202
2015-12-16,600436,13:50:14,2,59.58,7,41706
2015-12-16,600436,13:50:09,1,59.57,9,53613
2015-12-16,600436,13:50:04,2,59.58,5,29790
2015-12-16,600436,13:49:59,2,59.58,5,29790
2015-12-16,600436,13:49:49,2,59.58,4,23832
2015-12-16,600436,13:49:28,2,59.58,7,41706
2015-12-16,600436,13:49:23,2,59.57,1,5957
2015-12-16,600436,13:49:18,1,59.57,2,11914
2015-12-16,600436,13:49:03,2,59.57,2,11914
2015-12-16,600436,13:48:48,1,59.56,4,23824
2015-12-16,600436,13:48:43,1,59.56,3,17868
2015-12-16,600436,13:48:38,2,59.57,3,17871
2015-12-16,600436,13:48:28,2,59.57,5,29785
2015-12-16,600436,13:47:58,1,59.55,1,5955
2015-12-16,600436,13:47:53,1,59.55,10,59550
2015-12-16,600436,13:47:23,1,59.55,1,5955
2015-12-16,600436,13:46:53,1,59.55,2,11910
2015-12-16,600436,13:46:33,2,59.55,11,66755
2015-12-16,600436,13:46:28,1,59.51,34,202334
2015-12-16,600436,13:46:18,1,59.55,9,53654
2015-12-16,600436,13:46:13,1,59.57,1,5957
2015-12-16,600436,13:45:58,1,59.58,2,11916
2015-12-16,600436,13:45:53,1,59.58,2,11916
2015-12-16,600436,13:45:43,2,59.58,1,7209
2015-12-16,600436,13:45:33,1,59.55,12,71460
2015-12-16,600436,13:45:13,1,59.55,2,11910
2015-12-16,600436,13:45:03,2,59.58,5,29790
2015-12-16,600436,13:44:58,2,59.58,6,35748
2015-12-16,600436,13:44:48,1,59.55,36,214380
2015-12-16,600436,13:44:43,2,59.58,1,5958
2015-12-16,600436,13:44:33,2,59.58,2,11916
2015-12-16,600436,13:44:27,1,59.58,28,166824
2015-12-16,600436,13:44:22,2,59.6,4,23840
2015-12-16,600436,13:44:17,1,59.58,5,29790
2015-12-16,600436,13:44:12,0,59.58,20,119160
2015-12-16,600436,13:43:47,1,59.57,2,11914
2015-12-16,600436,13:43:42,2,59.6,17,101320
2015-12-16,600436,13:43:32,2,59.6,5,29800
2015-12-16,600436,13:43:22,1,59.6,9,53640
2015-12-16,600436,13:43:17,1,59.6,3,17880
2015-12-16,600436,13:43:02,1,59.6,16,95360
2015-12-16,600436,13:42:57,2,59.61,1,5961
2015-12-16,600436,13:42:38,1,59.6,8,47680
2015-12-16,600436,13:42:28,2,59.61,4,23844
2015-12-16,600436,13:42:23,2,59.61,1,5961
2015-12-16,600436,13:42:08,0,59.61,87,518607
2015-12-16,600436,13:41:18,1,59.6,10,59600
2015-12-16,600436,13:41:13,2,59.61,10,59610
2015-12-16,600436,13:41:13,2,59.61,6,35766
2015-12-16,600436,13:40:57,2,59.6,21,125160
2015-12-16,600436,13:40:42,2,59.6,29,172840
2015-12-16,600436,13:40:12,1,59.57,3,17871
2015-12-16,600436,13:39:47,1,59.5,63,374850
2015-12-16,600436,13:39:42,0,59.57,4,23828
2015-12-16,600436,13:39:27,0,59.56,1,5956
2015-12-16,600436,13:39:12,2,59.55,7,41685
2015-12-16,600436,13:39:07,1,59.5,102,606900
2015-12-16,600436,13:38:52,1,59.54,17,101218
2015-12-16,600436,13:38:22,1,59.59,37,220483
2015-12-16,600436,13:38:07,1,59.6,101,601960
2015-12-16,600436,13:37:57,1,59.6,2,11920
2015-12-16,600436,13:37:42,1,59.6,100,596000
2015-12-16,600436,13:37:37,1,59.6,35,208600
2015-12-16,600436,13:37:32,1,59.61,1,5961
2015-12-16,600436,13:37:17,2,59.66,5,29830
2015-12-16,600436,13:37:02,1,59.66,12,76305
2015-12-16,600436,13:36:42,2,59.67,6,37055
2015-12-16,600436,13:36:42,1,59.66,17,101422
2015-12-16,600436,13:36:27,2,59.67,8,47736
2015-12-16,600436,13:36:17,1,59.66,1,5966
2015-12-16,600436,13:36:12,2,59.67,20,119340
2015-12-16,600436,13:35:57,2,59.66,30,178980
2015-12-16,600436,13:35:27,2,59.55,1,7503
2015-12-16,600436,13:35:12,2,59.54,14,83356
2015-12-16,600436,13:34:57,1,59.52,5,29760
2015-12-16,600436,13:34:52,2,59.54,2,11908
2015-12-16,600436,13:34:42,2,59.54,5,29770
2015-12-16,600436,13:34:27,1,59.51,18,107118
2015-12-16,600436,13:34:22,1,59.51,109,648659
2015-12-16,600436,13:34:12,1,59.51,1,7200
2015-12-16,600436,13:34:07,1,59.51,6,36955
2015-12-16,600436,13:33:57,1,59.51,0,1249
2015-12-16,600436,13:33:52,2,59.51,37,221436
2015-12-16,600436,13:33:42,1,59.5,25,148750
2015-12-16,600436,13:33:37,1,59.5,71,423699
2015-12-16,600436,13:33:17,1,59.5,32,190400
2015-12-16,600436,13:32:57,1,59.51,7,41657
2015-12-16,600436,13:32:47,2,59.54,1,5954
2015-12-16,600436,13:32:42,1,59.51,13,78136
2015-12-16,600436,13:32:27,2,59.54,4,25066
2015-12-16,600436,13:32:12,1,59.52,23,136896
2015-12-16,600436,13:31:57,2,59.54,11,65494
2015-12-16,600436,13:31:47,1,59.53,2,11906
2015-12-16,600436,13:31:42,2,59.54,2,11908
2015-12-16,600436,13:31:37,0,59.53,5,29765
2015-12-16,600436,13:31:32,2,59.54,12,71448
2015-12-16,600436,13:31:22,2,59.54,25,148850
2015-12-16,600436,13:31:07,2,59.53,95,568987
2015-12-16,600436,13:30:51,1,59.51,70,416570
2015-12-16,600436,13:30:36,1,59.52,6,38211
2015-12-16,600436,13:30:26,2,59.54,1,5954
2015-12-16,600436,13:30:21,1,59.53,2,11906
2015-12-16,600436,13:30:11,1,59.53,3,17859
2015-12-16,600436,13:30:06,1,59.53,1,5953
2015-12-16,600436,13:30:01,1,59.54,10,59540
2015-12-16,600436,13:29:56,1,59.54,1,5954
2015-12-16,600436,13:29:51,2,59.54,10,59540
2015-12-16,600436,13:29:36,1,59.53,21,128465
2015-12-16,600436,13:29:31,1,59.54,3,22267
2015-12-16,600436,13:29:16,0,59.55,5,29775
2015-12-16,600436,13:28:46,1,59.54,10,59540
2015-12-16,600436,13:28:41,2,59.6,9,55189
2015-12-16,600436,13:28:31,2,59.6,1,5960
2015-12-16,600436,13:28:26,2,59.6,5,29800
2015-12-16,600436,13:28:16,1,59.6,8,52090
2015-12-16,600436,13:28:11,1,59.6,0,1251
2015-12-16,600436,13:27:56,2,59.65,31,184915
2015-12-16,600436,13:27:46,1,59.6,0,1251
2015-12-16,600436,13:27:41,1,59.6,101,603211
2015-12-16,600436,13:27:31,1,59.64,0,1252
2015-12-16,600436,13:27:26,1,59.64,20,119280
2015-12-16,600436,13:27:16,1,59.67,7,41769
2015-12-16,600436,13:27:11,1,59.67,1,5967
2015-12-16,600436,13:27:06,0,59.67,11,66890
2015-12-16,600436,13:26:51,1,59.63,12,72808
2015-12-16,600436,13:26:41,2,59.74,2,11948
2015-12-16,600436,13:26:26,1,59.63,1,5963
2015-12-16,600436,13:26:21,1,59.62,31,184822
2015-12-16,600436,13:26:06,2,59.75,100,597500
2015-12-16,600436,13:25:51,1,59.65,3,17895
2015-12-16,600436,13:25:41,2,59.65,2,11930
2015-12-16,600436,13:25:21,2,59.65,2,11930
2015-12-16,600436,13:25:06,0,59.62,14,83468
2015-12-16,600436,13:24:51,1,59.61,26,154986
2015-12-16,600436,13:24:36,2,59.66,1,5966
2015-12-16,600436,13:24:31,1,59.6,14,83440
2015-12-16,600436,13:24:11,2,59.61,73,435153
2015-12-16,600436,13:23:56,2,59.56,1,5956
2015-12-16,600436,13:23:51,0,59.57,2,11914
2015-12-16,600436,13:23:41,1,59.52,90,535680
2015-12-16,600436,13:23:36,0,59.59,1,5959
2015-12-16,600436,13:23:16,1,59.55,4,23820
2015-12-16,600436,13:23:11,2,59.59,3,17877
2015-12-16,600436,13:23:06,1,59.55,12,76521
2015-12-16,600436,13:22:51,1,59.55,11,65505
2015-12-16,600436,13:22:41,2,59.55,30,178650
2015-12-16,600436,13:22:36,1,59.54,22,130988
2015-12-16,600436,13:22:26,1,59.54,5,29770
2015-12-16,600436,13:22:21,2,59.55,8,47640
2015-12-16,600436,13:22:11,2,59.55,9,53595
2015-12-16,600436,13:22:06,1,59.55,9,53595
2015-12-16,600436,13:21:56,1,59.58,33,196614
2015-12-16,600436,13:21:51,2,59.58,5,29790
2015-12-16,600436,13:21:46,2,59.57,2,11914
2015-12-16,600436,13:21:41,1,59.56,37,220372
2015-12-16,600436,13:21:36,1,59.57,3,17871
2015-12-16,600436,13:21:31,1,59.57,21,125097
2015-12-16,600436,13:21:20,2,59.58,5,29790
2015-12-16,600436,13:21:15,2,59.58,5,29790
2015-12-16,600436,13:21:10,1,59.58,12,71496
2015-12-16,600436,13:21:05,2,59.59,1,5959
2015-12-16,600436,13:20:45,1,59.58,15,89370
2015-12-16,600436,13:20:35,1,59.6,7,41720
2015-12-16,600436,13:20:30,1,59.6,20,119200
2015-12-16,600436,13:20:15,2,59.61,8,47688
2015-12-16,600436,13:20:10,1,59.61,6,35766
2015-12-16,600436,13:19:55,2,59.62,38,226556
2015-12-16,600436,13:19:30,2,59.62,5,29810
2015-12-16,600436,13:19:25,1,59.62,172,1025464
2015-12-16,600436,13:19:10,1,59.63,2,11926
2015-12-16,600436,13:19:05,2,59.65,8,47720
2015-12-16,600436,13:18:50,1,59.64,1,5964
2015-12-16,600436,13:18:35,1,59.65,36,214740
2015-12-16,600436,13:18:20,1,59.7,14,83580
2015-12-16,600436,13:18:10,2,59.77,2,11954
2015-12-16,600436,13:18:05,0,59.75,2,11950
2015-12-16,600436,13:17:50,1,59.75,1,5975
2015-12-16,600436,13:17:40,2,59.75,8,47800
2015-12-16,600436,13:17:35,0,59.74,2,11948
2015-12-16,600436,13:17:25,2,59.75,2,11950
2015-12-16,600436,13:17:20,1,59.75,38,227050
2015-12-16,600436,13:17:05,2,59.75,10,59750
2015-12-16,600436,13:17:00,2,59.75,20,119500
2015-12-16,600436,13:16:45,1,59.68,11,65648
2015-12-16,600436,13:16:05,1,59.68,14,83552
2015-12-16,600436,13:16:00,1,59.68,10,59680
2015-12-16,600436,13:15:25,2,59.68,19,113392
2015-12-16,600436,13:14:55,1,59.68,2,11936
2015-12-16,600436,13:14:25,1,59.68,6,35808
2015-12-16,600436,13:14:10,1,59.69,11,65659
2015-12-16,600436,13:14:05,2,59.7,2,11940
2015-12-16,600436,13:13:55,1,59.69,2,11938
2015-12-16,600436,13:13:50,2,59.7,54,322380
2015-12-16,600436,13:13:40,1,59.69,15,89535
2015-12-16,600436,13:13:35,2,59.7,2,11940
2015-12-16,600436,13:13:30,2,59.7,5,29850
2015-12-16,600436,13:13:15,2,59.7,6,35820
2015-12-16,600436,13:13:00,2,59.7,21,125370
2015-12-16,600436,13:12:50,1,59.7,4,23880
2015-12-16,600436,13:12:45,2,59.71,13,77623
2015-12-16,600436,13:12:30,1,59.71,28,167188
2015-12-16,600436,13:12:10,1,59.71,6,35826
2015-12-16,600436,13:11:55,2,59.77,4,23908
2015-12-16,600436,13:11:45,1,59.71,5,29855
2015-12-16,600436,13:11:14,2,59.77,4,23908
2015-12-16,600436,13:11:09,1,59.77,19,113563
2015-12-16,600436,13:10:54,2,59.8,12,71760
2015-12-16,600436,13:10:44,2,59.8,116,693680
2015-12-16,600436,13:10:14,1,59.79,11,65769
2015-12-16,600436,13:10:09,2,59.8,14,83720
2015-12-16,600436,13:10:04,2,59.8,3,17940
2015-12-16,600436,13:09:49,2,59.8,6,35880
2015-12-16,600436,13:09:39,1,59.78,17,101626
2015-12-16,600436,13:09:24,2,59.8,2,11960
2015-12-16,600436,13:09:04,2,59.8,8,47840
2015-12-16,600436,13:08:49,1,59.78,1,5978
2015-12-16,600436,13:08:44,2,59.8,5,29900
2015-12-16,600436,13:08:19,2,59.78,5,29890
2015-12-16,600436,13:08:14,1,59.7,10,59700
2015-12-16,600436,13:07:59,2,59.78,5,29890
2015-12-16,600436,13:07:49,2,59.78,2,11956
2015-12-16,600436,13:07:44,2,59.78,5,29890
2015-12-16,600436,13:07:39,1,59.7,6,35820
2015-12-16,600436,13:07:24,2,59.78,21,125538
2015-12-16,600436,13:07:09,1,59.7,3,17910
2015-12-16,600436,13:06:44,1,59.7,13,77610
2015-12-16,600436,13:06:39,2,59.78,3,17934
2015-12-16,600436,13:06:24,1,59.69,1,5969
2015-12-16,600436,13:06:14,2,59.69,15,89535
2015-12-16,600436,13:06:14,1,59.62,82,488884
2015-12-16,600436,13:05:59,2,59.69,4,23876
2015-12-16,600436,13:05:54,1,59.68,10,59680
2015-12-16,600436,13:05:29,2,59.69,1,5969
2015-12-16,600436,13:05:19,2,59.69,4,23876
2015-12-16,600436,13:05:09,2,59.69,3,17907
2015-12-16,600436,13:05:04,1,59.68,7,41776
2015-12-16,600436,13:04:54,2,59.69,5,29845
2015-12-16,600436,13:04:49,2,59.69,1,5969
2015-12-16,600436,13:04:34,2,59.69,6,35814
2015-12-16,600436,13:04:29,2,59.69,10,59690
2015-12-16,600436,13:03:59,1,59.66,7,41762
2015-12-16,600436,13:03:44,1,59.66,5,29830
2015-12-16,600436,13:03:29,1,59.66,7,41762
2015-12-16,600436,13:03:24,1,59.65,13,77545
2015-12-16,600436,13:03:09,1,59.65,21,125265
2015-12-16,600436,13:02:54,2,59.68,4,23872
2015-12-16,600436,13:02:44,2,59.68,2,11936
2015-12-16,600436,13:02:39,2,59.68,4,23872
2015-12-16,600436,13:02:34,1,59.68,13,77584
2015-12-16,600436,13:02:24,2,59.69,8,47752
2015-12-16,600436,13:02:09,1,59.69,16,95504
2015-12-16,600436,13:01:49,1,59.69,2,11938
2015-12-16,600436,13:01:34,1,59.72,0,5434
2015-12-16,600436,13:01:14,2,59.72,0,537
2015-12-16,600436,13:01:04,1,59.68,1,5968
2015-12-16,600436,13:00:59,2,59.72,1,5972
2015-12-16,600436,13:00:48,2,59.72,20,119440
2015-12-16,600436,13:00:43,2,59.72,1,5972
2015-12-16,600436,13:00:28,2,59.72,2,11944
2015-12-16,600436,13:00:13,0,59.72,57,340404
2015-12-16,600436,11:29:56,1,59.74,2,11948
2015-12-16,600436,11:29:51,0,59.77,3,17931
2015-12-16,600436,11:29:36,2,59.78,4,23912
2015-12-16,600436,11:29:16,2,59.78,5,29890
2015-12-16,600436,11:29:16,2,59.78,1,5978
2015-12-16,600436,11:29:06,2,59.78,2,11956
2015-12-16,600436,11:29:01,2,59.78,3,17934
2015-12-16,600436,11:28:56,2,59.78,38,227164
2015-12-16,600436,11:28:46,2,59.78,4,23912
2015-12-16,600436,11:28:36,2,59.78,2,11956
2015-12-16,600436,11:28:31,0,59.7,2,11940
2015-12-16,600436,11:28:16,0,59.65,15,89475
2015-12-16,600436,11:28:06,1,59.61,2,11922
2015-12-16,600436,11:28:01,1,59.61,9,53649
2015-12-16,600436,11:27:51,2,59.78,55,328790
2015-12-16,600436,11:27:46,0,59.61,5,29805
2015-12-16,600436,11:27:36,0,59.63,1,5963
2015-12-16,600436,11:27:31,1,59.6,7,41720
2015-12-16,600436,11:27:16,1,59.59,8,47672
2015-12-16,600436,11:27:06,0,59.6,76,452960
2015-12-16,600436,11:26:56,0,59.59,6,35754
2015-12-16,600436,11:26:46,0,59.59,4,23836
2015-12-16,600436,11:26:41,1,59.58,5,29790
2015-12-16,600436,11:26:41,0,59.59,6,35754
2015-12-16,600436,11:26:25,1,59.58,2,11916
2015-12-16,600436,11:26:15,1,59.58,4,23832
2015-12-16,600436,11:26:10,2,59.58,54,323876
2015-12-16,600436,11:25:55,1,59.57,46,274022
2015-12-16,600436,11:25:35,2,59.58,28,166824
2015-12-16,600436,11:25:25,1,59.57,5,29785
2015-12-16,600436,11:25:20,2,59.58,4,23832
2015-12-16,600436,11:25:10,1,59.57,6,35742
2015-12-16,600436,11:25:05,1,59.57,5,29785
2015-12-16,600436,11:24:55,1,59.57,3,17871
2015-12-16,600436,11:24:50,1,59.56,6,35736
2015-12-16,600436,11:24:40,0,59.57,4,23828
2015-12-16,600436,11:24:35,0,59.56,19,113164
2015-12-16,600436,11:24:25,1,59.55,8,47640
2015-12-16,600436,11:24:20,0,59.56,7,41692
2015-12-16,600436,11:24:05,1,59.54,13,77402
2015-12-16,600436,11:23:45,2,59.56,3,17868
2015-12-16,600436,11:23:40,0,59.54,11,65494
2015-12-16,600436,11:23:30,1,59.5,131,779450
2015-12-16,600436,11:23:20,2,59.54,2,11908
2015-12-16,600436,11:23:15,1,59.54,25,148850
2015-12-16,600436,11:23:05,1,59.58,56,338473
2015-12-16,600436,11:23:00,1,59.6,47,280120
2015-12-16,600436,11:22:45,1,59.61,42,250362
2015-12-16,600436,11:22:35,2,59.69,7,41783
2015-12-16,600436,11:22:30,2,59.68,41,244688
2015-12-16,600436,11:22:15,1,59.67,10,59670
2015-12-16,600436,11:21:55,2,59.68,2,11936
2015-12-16,600436,11:21:45,2,59.69,1,5969
2015-12-16,600436,11:21:40,2,59.69,10,59690
2015-12-16,600436,11:21:30,2,59.69,13,77597
2015-12-16,600436,11:21:25,2,59.69,9,53721
2015-12-16,600436,11:21:15,1,59.69,28,167132
2015-12-16,600436,11:21:10,1,59.69,8,47752
2015-12-16,600436,11:20:55,1,59.7,53,318380
2015-12-16,600436,11:20:35,1,59.75,82,489950
2015-12-16,600436,11:20:25,1,59.76,70,418320
2015-12-16,600436,11:20:20,2,59.78,13,77714
2015-12-16,600436,11:20:10,1,59.77,2,11954
2015-12-16,600436,11:20:05,2,59.78,13,77714
2015-12-16,600436,11:19:55,2,59.78,9,53802
2015-12-16,600436,11:19:35,2,59.78,1,5978
2015-12-16,600436,11:19:30,2,59.77,6,35862
2015-12-16,600436,11:19:20,0,59.77,1,5977
2015-12-16,600436,11:19:05,2,59.78,2,11956
2015-12-16,600436,11:19:00,1,59.77,15,89655
2015-12-16,600436,11:18:50,1,59.77,1,5977
2015-12-16,600436,11:18:35,2,59.78,22,131516
2015-12-16,600436,11:18:30,1,59.76,43,256968
2015-12-16,600436,11:18:05,1,59.75,50,298750
2015-12-16,600436,11:17:55,2,59.76,11,65736
2015-12-16,600436,11:17:40,2,59.76,2,11952
2015-12-16,600436,11:17:30,2,59.76,5,29880
2015-12-16,600436,11:17:25,0,59.76,5,29880
2015-12-16,600436,11:17:15,1,59.75,21,125475
2015-12-16,600436,11:17:10,0,59.76,35,209160
2015-12-16,600436,11:16:55,2,59.75,82,489950
2015-12-16,600436,11:16:45,2,59.75,1,5975
2015-12-16,600436,11:16:40,0,59.72,2,11944
2015-12-16,600436,11:16:30,2,59.75,11,65725
2015-12-16,600436,11:16:25,2,59.75,2,11950
2015-12-16,600436,11:16:15,1,59.71,12,71652
2015-12-16,600436,11:16:10,2,59.75,9,53775
2015-12-16,600436,11:16:05,2,59.8,4,23920
2015-12-16,600436,11:15:54,2,59.75,2,11950
2015-12-16,600436,11:15:44,2,59.75,4,23900
2015-12-16,600436,11:15:39,1,59.75,18,107550
2015-12-16,600436,11:15:29,1,59.75,9,53775
2015-12-16,600436,11:15:24,1,59.75,13,80662
2015-12-16,600436,11:15:19,2,59.75,4,24915
2015-12-16,600436,11:15:14,2,59.75,2,11950
2015-12-16,600436,11:15:04,2,59.75,36,215100
2015-12-16,600436,11:14:54,2,59.75,10,59750
2015-12-16,600436,11:14:49,1,59.75,90,537750
2015-12-16,600436,11:14:39,1,59.79,1,5979
2015-12-16,600436,11:14:24,1,59.79,54,322866
2015-12-16,600436,11:14:19,1,59.8,0,1076
2015-12-16,600436,11:14:14,1,59.8,39,233220
2015-12-16,600436,11:13:59,1,59.85,5,29925
2015-12-16,600436,11:13:44,1,59.86,5,29930
2015-12-16,600436,11:13:34,2,59.87,2,11974
2015-12-16,600436,11:13:29,1,59.86,4,23944
2015-12-16,600436,11:13:14,1,59.87,9,53883
2015-12-16,600436,11:12:59,2,59.89,3,17967
2015-12-16,600436,11:12:49,2,59.89,3,17967
2015-12-16,600436,11:12:44,2,59.89,1,5989
2015-12-16,600436,11:12:39,0,59.89,1,5989
2015-12-16,600436,11:12:09,2,59.9,2,11980
2015-12-16,600436,11:11:54,1,59.9,38,232591
2015-12-16,600436,11:11:44,1,60.0,4,24000
2015-12-16,600436,11:11:39,2,60.01,6,36006
2015-12-16,600436,11:11:24,2,60.01,1,6001
2015-12-16,600436,11:11:14,2,60.01,2,12002
2015-12-16,600436,11:11:09,1,60.0,13,78000
2015-12-16,600436,11:10:54,2,60.12,3,18036
2015-12-16,600436,11:10:49,1,60.01,1,6001
2015-12-16,600436,11:10:39,1,60.01,20,120020
2015-12-16,600436,11:10:34,2,60.12,30,180360
2015-12-16,600436,11:10:19,2,60.01,11,66011
2015-12-16,600436,11:09:59,2,59.99,4,23996
2015-12-16,600436,11:09:44,1,59.98,3,17994
2015-12-16,600436,11:09:34,2,59.99,3,17997
2015-12-16,600436,11:09:29,2,59.99,4,23996
2015-12-16,600436,11:09:14,0,59.97,1,5997
2015-12-16,600436,11:09:09,2,59.99,9,53991
2015-12-16,600436,11:09:04,0,59.96,10,59960
2015-12-16,600436,11:08:29,0,59.91,1,5991
2015-12-16,600436,11:07:54,1,59.9,1,5990
2015-12-16,600436,11:07:44,2,59.9,6,36958
2015-12-16,600436,11:07:34,2,59.9,1,5990
2015-12-16,600436,11:07:34,1,59.89,9,53901
2015-12-16,600436,11:07:24,2,59.9,4,23960
2015-12-16,600436,11:07:04,2,59.89,4,23956
2015-12-16,600436,11:06:49,2,59.89,3,17967
2015-12-16,600436,11:06:34,2,59.85,70,418950
2015-12-16,600436,11:06:24,2,59.85,2,11970
2015-12-16,600436,11:06:19,1,59.85,29,173565
2015-12-16,600436,11:06:04,1,59.85,13,77805
2015-12-16,600436,11:05:39,2,59.85,40,244307
2015-12-16,600436,11:05:29,1,59.82,4,23928
2015-12-16,600436,11:05:19,2,59.85,10,59850
2015-12-16,600436,11:05:14,1,59.83,19,113677
2015-12-16,600436,11:04:48,2,59.89,1,5989
2015-12-16,600436,11:04:43,2,59.89,2,11978
2015-12-16,600436,11:04:28,2,59.89,5,29945
2015-12-16,600436,11:04:18,1,59.89,1,5989
2015-12-16,600436,11:04:13,1,59.9,0,4971
2015-12-16,600436,11:04:08,1,59.8,40,239200
2015-12-16,600436,11:03:58,1,59.89,19,113791
2015-12-16,600436,11:03:51,1,59.89,3,17967
2015-12-16,600436,11:03:41,1,59.8,16,95680
2015-12-16,600436,11:03:36,1,59.81,45,269145
2015-12-16,600436,11:03:21,2,59.96,7,41972
2015-12-16,600436,11:03:01,2,59.96,2,11992
2015-12-16,600436,11:02:51,2,59.96,5,29980
2015-12-16,600436,11:02:46,2,59.96,1,5996
2015-12-16,600436,11:02:36,1,59.98,38,227924
2015-12-16,600436,11:02:25,2,60.1,162,973620
2015-12-16,600436,11:02:10,1,60.02,1,6002
2015-12-16,600436,11:02:05,2,60.06,1,6006
2015-12-16,600436,11:01:50,1,60.06,53,318318
2015-12-16,600436,11:01:45,1,60.06,18,108108
2015-12-16,600436,11:01:40,2,60.08,1,6008
2015-12-16,600436,11:01:35,1,60.07,31,186217
2015-12-16,600436,11:01:30,1,60.07,3,18021
2015-12-16,600436,11:01:25,1,60.08,4,24032
2015-12-16,600436,11:01:20,0,60.08,1,6008
2015-12-16,600436,11:01:10,1,60.07,8,48056
2015-12-16,600436,11:01:05,2,60.1,16,96160
2015-12-16,600436,11:01:00,2,60.07,8,48056
2015-12-16,600436,11:00:50,2,60.07,1,6007
2015-12-16,600436,11:00:40,1,60.07,5,30035
2015-12-16,600436,11:00:25,2,60.1,1,6010
2015-12-16,600436,11:00:10,1,60.1,17,102170
2015-12-16,600436,11:00:05,1,60.1,15,90150
2015-12-16,600436,11:00:00,2,60.12,3,18036
2015-12-16,600436,10:59:55,1,60.1,54,324540
2015-12-16,600436,10:59:50,0,60.11,2,12022
2015-12-16,600436,10:59:40,1,60.1,10,60100
2015-12-16,600436,10:59:30,0,60.11,1,6011
2015-12-16,600436,10:59:25,1,60.1,4,24040
2015-12-16,600436,10:59:15,1,60.1,20,120200
2015-12-16,600436,10:58:59,1,60.1,6,36060
2015-12-16,600436,10:58:54,2,60.1,97,582970
2015-12-16,600436,10:58:49,1,60.07,3,18021
2015-12-16,600436,10:58:44,2,60.1,7,42070
2015-12-16,600436,10:58:39,2,60.1,3,18030
2015-12-16,600436,10:58:34,2,60.1,5,30050
2015-12-16,600436,10:58:29,1,60.11,7,42077
2015-12-16,600436,10:58:24,2,60.12,1,6012
2015-12-16,600436,10:58:19,1,60.12,6,36072
2015-12-16,600436,10:58:04,2,60.14,10,60140
2015-12-16,600436,10:57:59,0,60.13,13,78169
2015-12-16,600436,10:57:54,2,60.14,3,18042
2015-12-16,600436,10:57:29,2,60.1,25,150250
2015-12-16,600436,10:57:24,2,60.1,53,318530
2015-12-16,600436,10:57:14,2,60.07,103,618721
2015-12-16,600436,10:57:04,1,60.06,2,12012
2015-12-16,600436,10:56:59,1,60.06,4,24024
2015-12-16,600436,10:56:54,2,60.06,11,66066
2015-12-16,600436,10:56:49,1,60.05,0,3002
2015-12-16,600436,10:56:44,0,60.06,1,6006
2015-12-16,600436,10:56:39,2,60.07,13,78091
2015-12-16,600436,10:56:34,2,60.06,6,36036
2015-12-16,600436,10:56:29,1,60.06,13,78078
2015-12-16,600436,10:56:24,0,60.07,5,30035
2015-12-16,600436,10:56:19,1,60.07,8,48056
2015-12-16,600436,10:56:09,2,60.09,14,84126
2015-12-16,600436,10:56:04,2,60.09,4,24036
2015-12-16,600436,10:55:59,1,60.08,2,12016
2015-12-16,600436,10:55:54,2,60.09,1,6009
2015-12-16,600436,10:55:49,2,60.1,1,6010
2015-12-16,600436,10:55:44,0,60.09,1,6009
2015-12-16,600436,10:55:39,1,60.06,8,48048
2015-12-16,600436,10:55:34,1,60.07,15,90105
2015-12-16,600436,10:55:22,1,60.05,4,24020
2015-12-16,600436,10:55:12,2,60.06,11,66066
2015-12-16,600436,10:55:02,2,60.02,1,6002
2015-12-16,600436,10:54:57,1,60.0,50,300000
2015-12-16,600436,10:54:47,2,60.0,45,270000
2015-12-16,600436,10:54:42,2,59.87,10,59870
2015-12-16,600436,10:54:27,2,59.86,15,89790
2015-12-16,600436,10:54:12,2,59.85,21,125685
2015-12-16,600436,10:53:52,2,59.83,4,23932
2015-12-16,600436,10:53:42,1,59.8,105,630890
2015-12-16,600436,10:53:37,2,59.83,5,29915
2015-12-16,600436,10:53:37,2,59.83,4,23932
2015-12-16,600436,10:53:22,2,59.8,15,93706
2015-12-16,600436,10:53:12,2,59.8,2,11960
2015-12-16,600436,10:53:07,1,59.79,2,11958
2015-12-16,600436,10:52:52,2,59.79,29,173391
2015-12-16,600436,10:52:42,1,59.78,9,53802
2015-12-16,600436,10:52:37,2,59.79,9,53811
2015-12-16,600436,10:52:27,1,59.77,5,29885
2015-12-16,600436,10:52:22,2,59.78,4,23912
2015-12-16,600436,10:52:07,2,59.78,6,35868
2015-12-16,600436,10:52:02,2,59.78,2,11956
2015-12-16,600436,10:51:52,2,59.78,1,5978
2015-12-16,600436,10:51:47,1,59.77,4,23908
2015-12-16,600436,10:51:37,2,59.78,31,185318
2015-12-16,600436,10:51:32,2,59.78,4,23912
2015-12-16,600436,10:51:22,2,59.78,1,5978
2015-12-16,600436,10:51:17,2,59.78,5,29890
2015-12-16,600436,10:51:07,0,59.78,8,47824
2015-12-16,600436,10:51:02,1,59.77,5,29885
2015-12-16,600436,10:51:02,2,59.78,50,298900
2015-12-16,600436,10:50:47,0,59.78,3,17934
2015-12-16,600436,10:50:37,1,59.77,4,23908
2015-12-16,600436,10:50:32,2,59.79,1,5979
2015-12-16,600436,10:50:22,1,59.77,5,29885
2015-12-16,600436,10:50:17,2,59.79,22,131538
2015-12-16,600436,10:50:02,0,59.78,3,17934
2015-12-16,600436,10:49:52,2,59.79,4,23916
2015-12-16,600436,10:49:42,1,59.77,60,358620
2015-12-16,600436,10:49:32,1,59.79,11,65769
2015-12-16,600436,10:49:27,2,59.8,17,101660
2015-12-16,600436,10:48:57,2,59.8,13,77740
2015-12-16,600436,10:48:47,1,59.8,168,1006613
2015-12-16,600436,10:48:42,1,59.81,3,17943
2015-12-16,600436,10:48:32,2,59.83,14,83762
2015-12-16,600436,10:48:27,1,59.83,5,29915
2015-12-16,600436,10:48:22,2,59.84,3,17952
2015-12-16,600436,10:48:12,2,59.84,20,119680
2015-12-16,600436,10:47:57,2,59.8,109,655826
2015-12-16,600436,10:47:52,2,59.8,4,23920
2015-12-16,600436,10:47:37,2,59.8,11,65780
2015-12-16,600436,10:47:22,2,59.8,20,119600
2015-12-16,600436,10:47:12,1,59.78,13,77714
2015-12-16,600436,10:47:07,2,59.79,8,47832
2015-12-16,600436,10:46:57,1,59.79,4,23916
2015-12-16,600436,10:46:52,2,59.79,16,95664
2015-12-16,600436,10:46:47,1,59.79,15,89685
2015-12-16,600436,10:46:37,2,59.79,4,23916
2015-12-16,600436,10:46:22,1,59.79,31,185349
2015-12-16,600436,10:46:17,2,59.8,4,23920
2015-12-16,600436,10:46:07,1,59.79,11,65769
2015-12-16,600436,10:46:02,2,59.8,1,5980
2015-12-16,600436,10:45:52,1,59.79,9,53811
2015-12-16,600436,10:45:52,2,59.8,1,5980
2015-12-16,600436,10:45:36,2,59.8,16,95680
2015-12-16,600436,10:45:31,1,59.78,5,29890
2015-12-16,600436,10:45:16,2,59.79,2,11958
2015-12-16,600436,10:44:51,1,59.77,15,89655
2015-12-16,600436,10:44:41,1,59.77,5,29885
2015-12-16,600436,10:44:25,0,59.76,4,23904
2015-12-16,600436,10:44:05,2,59.75,1,5975
2015-12-16,600436,10:44:00,1,59.74,14,83636
2015-12-16,600436,10:43:55,1,59.74,5,29870
2015-12-16,600436,10:43:50,2,59.75,7,41825
2015-12-16,600436,10:43:45,1,59.72,12,71664
2015-12-16,600436,10:43:40,2,59.73,7,41811
2015-12-16,600436,10:43:35,2,59.73,7,41811
2015-12-16,600436,10:43:30,1,59.73,4,23892
2015-12-16,600436,10:43:25,2,59.75,4,23900
2015-12-16,600436,10:43:20,2,59.75,2,11950
2015-12-16,600436,10:43:15,2,59.75,3,17925
2015-12-16,600436,10:43:10,2,59.75,3,17925
2015-12-16,600436,10:43:05,0,59.74,2,11948
2015-12-16,600436,10:42:50,1,59.73,1,5973
2015-12-16,600436,10:42:45,1,59.73,2,11946
2015-12-16,600436,10:42:40,1,59.73,63,380061
2015-12-16,600436,10:42:35,1,59.73,22,131406
2015-12-16,600436,10:42:30,2,59.73,1,5973
2015-12-16,600436,10:42:20,2,59.72,1,5972
2015-12-16,600436,10:42:15,1,59.72,3,17916
2015-12-16,600436,10:42:10,2,59.75,1,5975
2015-12-16,600436,10:42:05,2,59.75,4,23900
2015-12-16,600436,10:42:00,1,59.74,10,59740
2015-12-16,600436,10:41:55,0,59.75,3,17925
2015-12-16,600436,10:41:45,2,59.77,12,71724
2015-12-16,600436,10:41:35,1,59.74,3,17922
2015-12-16,600436,10:41:20,2,59.77,1,5977
2015-12-16,600436,10:41:15,1,59.74,15,89610
2015-12-16,600436,10:41:04,2,59.77,3,17931
2015-12-16,600436,10:40:54,1,59.77,20,119540
2015-12-16,600436,10:40:49,2,59.78,11,65758
2015-12-16,600436,10:40:44,2,59.78,1,5978
2015-12-16,600436,10:40:39,2,59.78,4,23912
2015-12-16,600436,10:40:34,1,59.77,6,35862
2015-12-16,600436,10:40:24,2,59.78,12,71736
2015-12-16,600436,10:40:19,2,59.77,1,5977
2015-12-16,600436,10:40:14,1,59.77,21,125517
2015-12-16,600436,10:40:04,2,59.78,2,11956
2015-12-16,600436,10:39:54,2,59.78,1,5978
2015-12-16,600436,10:39:44,1,59.77,26,155402
2015-12-16,600436,10:39:39,1,59.77,1,5977
2015-12-16,600436,10:39:34,2,59.75,8,47800
2015-12-16,600436,10:39:29,2,59.75,2,11950
2015-12-16,600436,10:39:24,1,59.75,1,5975
2015-12-16,600436,10:39:19,2,59.78,11,65758
2015-12-16,600436,10:39:14,1,59.74,10,59740
2015-12-16,600436,10:39:09,2,59.78,35,209230
2015-12-16,600436,10:39:04,0,59.77,8,47816
2015-12-16,600436,10:38:49,2,59.78,24,143472
2015-12-16,600436,10:38:39,2,59.75,10,59750
2015-12-16,600436,10:38:34,1,59.72,5,29860
2015-12-16,600436,10:38:29,2,59.74,1,5974
2015-12-16,600436,10:38:24,1,59.7,9,53730
2015-12-16,600436,10:38:14,2,59.72,2,11944
2015-12-16,600436,10:38:04,2,59.72,1,5972
2015-12-16,600436,10:37:59,2,59.7,1,5970
2015-12-16,600436,10:37:54,0,59.68,2,11936
2015-12-16,600436,10:37:44,2,59.68,2,11936
2015-12-16,600436,10:37:34,2,59.66,0,1133
2015-12-16,600436,10:37:29,2,59.66,11,65626
2015-12-16,600436,10:37:18,1,59.59,6,35754
2015-12-16,600436,10:37:13,2,59.65,9,53685
2015-12-16,600436,10:37:08,2,59.65,50,298250
2015-12-16,600436,10:37:03,2,59.65,43,256495
2015-12-16,600436,10:36:58,2,59.65,10,59650
2015-12-16,600436,10:36:53,2,59.65,2,11930
2015-12-16,600436,10:36:43,1,59.54,19,113126
2015-12-16,600436,10:36:38,1,59.55,8,47640
2015-12-16,600436,10:36:33,2,59.6,4,23840
2015-12-16,600436,10:36:28,1,59.55,32,190560
2015-12-16,600436,10:36:23,0,59.55,55,327525
2015-12-16,600436,10:36:18,1,59.53,6,35718
2015-12-16,600436,10:36:13,2,59.6,1,5960
2015-12-16,600436,10:36:08,1,59.5,26,154700
2015-12-16,600436,10:36:03,2,59.54,34,202436
2015-12-16,600436,10:35:53,1,59.53,4,23812
2015-12-16,600436,10:35:48,0,59.64,2,11928
2015-12-16,600436,10:35:33,2,59.65,1,5965
2015-12-16,600436,10:35:28,1,59.62,7,41734
2015-12-16,600436,10:35:23,2,59.65,13,77545
2015-12-16,600436,10:35:18,2,59.65,67,399655
2015-12-16,600436,10:35:13,1,59.62,2,11924
2015-12-16,600436,10:35:03,2,59.65,9,54937
2015-12-16,600436,10:34:58,0,59.65,2,11930
2015-12-16,600436,10:34:53,1,59.65,14,83510
2015-12-16,600436,10:34:43,2,59.66,2,11932
2015-12-16,600436,10:34:38,1,59.66,7,41762
2015-12-16,600436,10:34:33,2,59.7,3,17910
2015-12-16,600436,10:34:28,1,59.69,11,65659
2015-12-16,600436,10:34:23,1,59.7,10,59700
2015-12-16,600436,10:34:18,1,59.7,9,53730
2015-12-16,600436,10:34:13,1,59.7,19,113430
2015-12-16,600436,10:34:08,1,59.71,4,23884
2015-12-16,600436,10:34:03,0,59.71,33,197043
2015-12-16,600436,10:33:53,1,59.71,11,65681
2015-12-16,600436,10:33:48,2,59.75,1,5975
2015-12-16,600436,10:33:42,2,59.75,37,221075
2015-12-16,600436,10:33:37,2,59.75,48,286800
2015-12-16,600436,10:33:32,0,59.73,1,5973
2015-12-16,600436,10:33:27,1,59.72,20,119440
2015-12-16,600436,10:33:22,2,59.75,3,17925
2015-12-16,600436,10:33:17,1,59.73,7,41811
2015-12-16,600436,10:33:12,2,59.79,2,11958
2015-12-16,600436,10:33:07,1,59.79,6,35874
2015-12-16,600436,10:33:02,1,59.79,5,29895
2015-12-16,600436,10:32:57,2,59.8,6,35880
2015-12-16,600436,10:32:52,1,59.8,7,41860
2015-12-16,600436,10:32:47,1,59.8,3,17940
2015-12-16,600436,10:32:42,2,59.83,11,65813
2015-12-16,600436,10:32:37,1,59.8,8,47840
2015-12-16,600436,10:32:32,2,59.83,11,65813
2015-12-16,600436,10:32:27,1,59.83,26,155558
2015-12-16,600436,10:32:22,0,59.85,2,11970
2015-12-16,600436,10:32:17,2,59.86,8,47888
2015-12-16,600436,10:32:12,2,59.86,3,17958
2015-12-16,600436,10:32:07,1,59.84,18,107712
2015-12-16,600436,10:31:52,2,59.86,15,89790
2015-12-16,600436,10:31:42,2,59.86,3,17958
2015-12-16,600436,10:31:37,2,59.86,4,23944
2015-12-16,600436,10:31:32,1,59.83,2,11966
2015-12-16,600436,10:31:22,2,59.82,59,352938
2015-12-16,600436,10:31:17,1,59.8,63,376740
2015-12-16,600436,10:31:07,1,59.81,4,23924
2015-12-16,600436,10:31:02,2,59.81,108,645948
2015-12-16,600436,10:30:52,2,59.81,4,23924
2015-12-16,600436,10:30:47,2,59.81,4,23924
2015-12-16,600436,10:30:42,1,59.81,201,1202181
2015-12-16,600436,10:30:37,1,59.86,3,17958
2015-12-16,600436,10:30:22,1,59.87,22,131714
2015-12-16,600436,10:30:12,2,59.88,4,23952
2015-12-16,600436,10:30:06,1,59.88,16,95808
2015-12-16,600436,10:29:56,2,59.9,1,5990
2015-12-16,600436,10:29:51,2,59.9,6,35940
2015-12-16,600436,10:29:46,1,59.88,12,71856
2015-12-16,600436,10:29:41,1,59.88,2,11976
2015-12-16,600436,10:29:36,2,59.88,22,131736
2015-12-16,600436,10:29:31,1,59.82,11,65802
2015-12-16,600436,10:29:26,0,59.86,37,221482
2015-12-16,600436,10:29:21,2,59.88,8,47904
2015-12-16,600436,10:29:11,2,59.87,6,35922
2015-12-16,600436,10:29:06,2,59.87,56,335272
2015-12-16,600436,10:29:01,1,59.87,8,47896
2015-12-16,600436,10:28:56,1,59.88,27,161676
2015-12-16,600436,10:28:51,2,59.9,85,509150
2015-12-16,600436,10:28:46,1,59.88,6,35928
2015-12-16,600436,10:28:41,1,59.88,15,89820
2015-12-16,600436,10:28:36,0,59.9,1,5990
2015-12-16,600436,10:28:31,1,59.87,31,185597
2015-12-16,600436,10:28:26,2,59.9,7,41930
2015-12-16,600436,10:28:21,0,59.9,6,35940
2015-12-16,600436,10:28:16,1,59.88,35,209580
2015-12-16,600436,10:28:06,2,59.9,5,29950
2015-12-16,600436,10:28:01,1,59.9,18,107820
2015-12-16,600436,10:27:56,2,59.94,2,11988
2015-12-16,600436,10:27:46,1,59.91,5,29955
2015-12-16,600436,10:27:31,1,59.9,50,299500
2015-12-16,600436,10:27:26,0,59.97,6,35982
2015-12-16,600436,10:27:16,2,60.0,12,72000
2015-12-16,600436,10:27:11,2,60.0,2,12000
2015-12-16,600436,10:27:06,2,60.0,28,168000
2015-12-16,600436,10:27:01,1,60.0,22,136860
2015-12-16,600436,10:26:56,1,60.0,4,24000
2015-12-16,600436,10:26:51,2,60.04,1,6004
2015-12-16,600436,10:26:46,1,60.0,40,240000
2015-12-16,600436,10:26:41,0,60.03,1,6003
2015-12-16,600436,10:26:36,1,60.0,53,318000
2015-12-16,600436,10:26:31,2,60.03,1,6003
2015-12-16,600436,10:26:25,1,60.0,50,300000
2015-12-16,600436,10:26:20,2,60.04,2,12008
2015-12-16,600436,10:26:15,1,60.0,19,114000
2015-12-16,600436,10:26:10,0,60.04,3,18012
2015-12-16,600436,10:26:05,2,60.05,61,366305
2015-12-16,600436,10:25:55,1,60.0,11,66000
2015-12-16,600436,10:25:50,1,60.0,50,300000
2015-12-16,600436,10:25:45,1,60.03,1,6003
2015-12-16,600436,10:25:40,2,60.06,12,72072
2015-12-16,600436,10:25:35,1,60.05,1,6005
2015-12-16,600436,10:25:30,1,60.05,10,60050
2015-12-16,600436,10:25:15,0,60.06,3,18018
2015-12-16,600436,10:25:05,2,60.08,1,6008
2015-12-16,600436,10:25:00,0,60.07,1,6007
2015-12-16,600436,10:24:55,1,60.06,5,30030
2015-12-16,600436,10:24:50,2,60.08,1,6008
2015-12-16,600436,10:24:45,0,60.08,1,6008
2015-12-16,600436,10:24:30,2,60.09,3,18027
2015-12-16,600436,10:24:20,1,60.09,9,54081
2015-12-16,600436,10:24:10,2,60.1,1,6010
2015-12-16,600436,10:24:00,2,60.1,2,12020
2015-12-16,600436,10:23:55,1,60.1,3,18030
2015-12-16,600436,10:23:40,2,60.12,3,18036
2015-12-16,600436,10:23:25,1,60.1,10,60100
2015-12-16,600436,10:23:20,2,60.12,3,18036
2015-12-16,600436,10:23:10,1,60.1,1,6010
2015-12-16,600436,10:23:05,2,60.11,3,18033
2015-12-16,600436,10:22:49,2,60.1,5,30050
2015-12-16,600436,10:22:44,0,60.08,3,18024
2015-12-16,600436,10:22:34,2,60.1,5,30050
2015-12-16,600436,10:22:29,1,60.03,50,300150
2015-12-16,600436,10:22:24,1,60.11,7,42077
2015-12-16,600436,10:22:14,2,60.11,44,265626
2015-12-16,600436,10:22:09,1,60.02,4,24008
2015-12-16,600436,10:22:04,2,60.1,4,24040
2015-12-16,600436,10:21:59,1,60.03,8,52886
2015-12-16,600436,10:21:54,1,60.1,6,36060
2015-12-16,600436,10:21:49,2,60.11,3,18033
2015-12-16,600436,10:21:44,0,60.11,1,6011
2015-12-16,600436,10:21:34,2,60.13,2,12026
2015-12-16,600436,10:21:29,1,60.03,100,600300
2015-12-16,600436,10:21:24,2,60.14,2,12028
2015-12-16,600436,10:21:04,2,60.11,1,6011
2015-12-16,600436,10:20:59,1,60.1,1,6010
2015-12-16,600436,10:20:54,2,60.11,1,6011
2015-12-16,600436,10:20:34,2,60.1,69,414690
2015-12-16,600436,10:20:29,2,60.1,2,12020
2015-12-16,600436,10:20:24,0,60.1,2,12020
2015-12-16,600436,10:20:14,0,60.1,10,60100
2015-12-16,600436,10:19:59,1,60.09,62,372558
2015-12-16,600436,10:19:54,2,60.11,8,48088
2015-12-16,600436,10:19:49,1,60.11,8,48088
2015-12-16,600436,10:19:44,2,60.14,1,6014
2015-12-16,600436,10:19:39,1,60.11,83,498913
2015-12-16,600436,10:19:24,2,60.14,2,12028
2015-12-16,600436,10:19:19,2,60.14,10,60140
2015-12-16,600436,10:19:14,1,60.12,5,30060
2015-12-16,600436,10:19:09,1,60.14,244,1467416
2015-12-16,600436,10:19:03,2,60.18,2,12036
2015-12-16,600436,10:18:58,1,60.18,61,367098
2015-12-16,600436,10:18:53,2,60.23,4,24092
2015-12-16,600436,10:18:48,0,60.23,3,18069
2015-12-16,600436,10:18:23,2,60.27,6,36162
2015-12-16,600436,10:18:13,1,60.27,4,24108
2015-12-16,600436,10:18:03,1,60.29,27,162783
2015-12-16,600436,10:17:58,2,60.29,34,204986
2015-12-16,600436,10:17:53,0,60.26,1,6026
2015-12-16,600436,10:17:43,1,60.2,11,66220
2015-12-16,600436,10:17:38,1,60.21,60,361260
2015-12-16,600436,10:17:33,2,60.28,6,36168
2015-12-16,600436,10:17:27,2,60.28,1,6028
2015-12-16,600436,10:17:22,2,60.28,3,18084
2015-12-16,600436,10:17:17,1,60.27,6,36162
2015-12-16,600436,10:17:12,1,60.27,3,18081
2015-12-16,600436,10:17:02,2,60.27,17,102459
2015-12-16,600436,10:16:57,1,60.24,3,18072
2015-12-16,600436,10:16:52,1,60.25,4,24100
2015-12-16,600436,10:16:42,2,60.25,4,24100
2015-12-16,600436,10:16:27,2,60.21,7,43411
2015-12-16,600436,10:16:22,2,60.2,3,18060
2015-12-16,600436,10:16:12,1,60.2,13,83015
2015-12-16,600436,10:16:07,1,60.2,4,24080
2015-12-16,600436,10:15:57,2,60.21,12,72252
2015-12-16,600436,10:15:52,1,60.2,7,42140
2015-12-16,600436,10:15:47,1,60.2,7,42140
2015-12-16,600436,10:15:42,2,60.21,32,192672
2015-12-16,600436,10:15:37,2,60.21,7,42147
2015-12-16,600436,10:15:32,2,60.21,6,36126
2015-12-16,600436,10:15:27,1,60.2,40,240800
2015-12-16,600436,10:15:22,2,60.21,1,6021
2015-12-16,600436,10:15:17,2,60.21,1,6021
2015-12-16,600436,10:15:12,2,60.21,3,18063
2015-12-16,600436,10:15:07,2,60.21,1,6021
2015-12-16,600436,10:15:02,2,60.21,8,48168
2015-12-16,600436,10:14:57,2,60.21,1,6021
2015-12-16,600436,10:14:52,2,60.21,1,6021
2015-12-16,600436,10:14:47,2,60.2,22,133704
2015-12-16,600436,10:14:42,2,60.2,8,48160
2015-12-16,600436,10:14:37,2,60.2,7,42140
2015-12-16,600436,10:14:32,2,60.2,2,12040
2015-12-16,600436,10:14:22,1,60.18,1,6018
2015-12-16,600436,10:14:17,2,60.18,121,728178
2015-12-16,600436,10:14:12,2,60.15,1,6015
2015-12-16,600436,10:14:07,1,60.14,3,18042
2015-12-16,600436,10:14:02,1,60.14,2,12028
2015-12-16,600436,10:13:57,2,60.14,29,174406
2015-12-16,600436,10:13:52,2,60.14,1,6014
2015-12-16,600436,10:13:47,1,60.13,7,42091
2015-12-16,600436,10:13:42,1,60.13,1,6013
2015-12-16,600436,10:13:37,2,60.14,16,96224
2015-12-16,600436,10:13:32,2,60.14,51,306714
2015-12-16,600436,10:13:27,1,60.12,2,12024
2015-12-16,600436,10:13:22,1,60.12,88,529056
2015-12-16,600436,10:13:17,2,60.12,7,42084
2015-12-16,600436,10:13:07,1,60.1,33,198330
2015-12-16,600436,10:12:52,2,60.11,1,6011
2015-12-16,600436,10:12:37,1,60.08,1,6008
2015-12-16,600436,10:12:32,1,60.08,13,78104
2015-12-16,600436,10:12:17,1,60.1,6,36060
2015-12-16,600436,10:12:12,2,60.12,10,60120
2015-12-16,600436,10:12:07,1,60.1,15,90150
2015-12-16,600436,10:11:57,1,60.1,57,342570
2015-12-16,600436,10:11:46,1,60.1,24,144240
2015-12-16,600436,10:11:41,0,60.11,2,12022
2015-12-16,600436,10:11:36,1,60.1,29,174290
2015-12-16,600436,10:11:31,2,60.12,19,114228
2015-12-16,600436,10:11:21,2,60.12,3,18036
2015-12-16,600436,10:11:16,1,60.12,9,54108
2015-12-16,600436,10:11:11,2,60.14,55,330770
2015-12-16,600436,10:11:01,1,60.14,54,324756
2015-12-16,600436,10:10:51,1,60.15,1,6015
2015-12-16,600436,10:10:46,0,60.15,1,6015
2015-12-16,600436,10:10:41,0,60.17,2,12034
2015-12-16,600436,10:10:36,1,60.16,1,6016
2015-12-16,600436,10:10:31,2,60.18,3,18054
2015-12-16,600436,10:10:26,1,60.16,2,12032
2015-12-16,600436,10:10:21,2,60.18,2,12036
2015-12-16,600436,10:10:16,1,60.18,3,18054
2015-12-16,600436,10:10:06,1,60.2,11,70975
2015-12-16,600436,10:10:01,2,60.21,7,42147
2015-12-16,600436,10:09:56,1,60.2,4,24080
2015-12-16,600436,10:09:51,2,60.28,3,18084
2015-12-16,600436,10:09:46,2,60.28,26,156728
2015-12-16,600436,10:09:36,2,60.28,2,12056
2015-12-16,600436,10:09:31,1,60.2,1,6020
2015-12-16,600436,10:09:16,2,60.28,26,156728
2015-12-16,600436,10:09:11,1,60.28,61,367708
2015-12-16,600436,10:09:06,2,60.3,2,12060
2015-12-16,600436,10:09:01,1,60.3,81,488430
2015-12-16,600436,10:08:56,1,60.3,10,60300
2015-12-16,600436,10:08:51,2,60.31,6,36186
2015-12-16,600436,10:08:46,1,60.31,8,48248
2015-12-16,600436,10:08:41,1,60.3,10,60300
2015-12-16,600436,10:08:36,2,60.32,1,6032
2015-12-16,600436,10:08:31,1,60.3,64,385920
2015-12-16,600436,10:08:21,1,60.33,1,6033
2015-12-16,600436,10:08:10,1,60.32,1,6032
2015-12-16,600436,10:08:00,2,60.34,2,12068
2015-12-16,600436,10:07:55,1,60.35,3,18105
2015-12-16,600436,10:07:45,1,60.3,4,24120
2015-12-16,600436,10:07:40,1,60.3,58,349740
2015-12-16,600436,10:07:30,1,60.3,5,30150
2015-12-16,600436,10:07:25,0,60.31,3,18093
2015-12-16,600436,10:07:15,1,60.3,1,6030
2015-12-16,600436,10:07:10,2,60.35,1,6035
2015-12-16,600436,10:07:05,2,60.35,1,6035
2015-12-16,600436,10:06:55,2,60.35,12,72420
2015-12-16,600436,10:06:50,1,60.3,1,6030
2015-12-16,600436,10:06:45,1,60.28,10,60280
2015-12-16,600436,10:06:40,2,60.3,1,6030
2015-12-16,600436,10:06:25,1,60.28,4,24112
2015-12-16,600436,10:06:20,2,60.28,26,156728
2015-12-16,600436,10:06:15,1,60.2,6,36120
2015-12-16,600436,10:06:10,2,60.23,3,19333
2015-12-16,600436,10:06:05,2,60.23,1,6023
2015-12-16,600436,10:06:00,1,60.2,1,6020
2015-12-16,600436,10:05:55,2,60.23,30,180690
2015-12-16,600436,10:05:45,2,60.2,5,30100
2015-12-16,600436,10:05:30,0,60.12,7,42084
2015-12-16,600436,10:05:20,0,60.12,6,36072
2015-12-16,600436,10:05:05,1,60.11,1,6011
2015-12-16,600436,10:04:55,2,60.11,52,312572
2015-12-16,600436,10:04:50,2,60.11,9,54099
2015-12-16,600436,10:04:45,1,60.11,7,42077
2015-12-16,600436,10:04:40,2,60.19,11,66209
2015-12-16,600436,10:04:29,1,60.11,1,6011
2015-12-16,600436,10:04:19,2,60.19,8,48152
2015-12-16,600436,10:04:14,2,60.19,21,127542
2015-12-16,600436,10:04:09,1,60.1,9,54090
2015-12-16,600436,10:04:04,1,60.1,12,72120
2015-12-16,600436,10:03:59,1,60.1,7,42070
2015-12-16,600436,10:03:54,1,60.1,2,12020
2015-12-16,600436,10:03:44,2,60.1,6,36060
2015-12-16,600436,10:03:39,1,60.08,20,120160
2015-12-16,600436,10:03:34,2,60.09,5,30045
2015-12-16,600436,10:03:29,1,60.07,5,30035
2015-12-16,600436,10:03:24,0,60.09,9,54081
2015-12-16,600436,10:03:09,1,60.08,19,114152
2015-12-16,600436,10:03:04,2,60.1,2,12020
2015-12-16,600436,10:02:59,1,60.08,4,24032
2015-12-16,600436,10:02:54,2,60.1,8,48080
2015-12-16,600436,10:02:49,2,60.1,2,12020
2015-12-16,600436,10:02:44,2,60.1,9,54090
2015-12-16,600436,10:02:39,1,60.06,7,42042
2015-12-16,600436,10:02:29,0,60.06,1,6006
2015-12-16,600436,10:02:18,1,60.05,10,60050
2015-12-16,600436,10:02:08,2,60.05,12,72060
2015-12-16,600436,10:02:03,2,60.05,6,36030
2015-12-16,600436,10:01:53,2,60.05,15,90075
2015-12-16,600436,10:01:48,2,60.05,12,72060
2015-12-16,600436,10:01:43,1,60.05,31,186155
2015-12-16,600436,10:01:33,1,60.08,22,132176
2015-12-16,600436,10:01:28,1,60.21,9,54189
2015-12-16,600436,10:01:13,2,60.23,13,78299
2015-12-16,600436,10:01:03,2,60.2,2,12040
2015-12-16,600436,10:00:58,2,60.2,17,102340
2015-12-16,600436,10:00:48,1,60.09,80,485467
2015-12-16,600436,10:00:43,1,60.1,14,84140
2015-12-16,600436,10:00:33,1,60.1,7,42070
2015-12-16,600436,10:00:28,2,60.1,22,133482
2015-12-16,600436,10:00:13,2,60.1,1,6010
2015-12-16,600436,10:00:08,2,60.1,7,42070
2015-12-16,600436,09:59:58,1,60.1,55,335297
2015-12-16,600436,09:59:43,0,60.24,2,12048
2015-12-16,600436,09:59:38,2,60.29,5,30145
2015-12-16,600436,09:59:28,0,60.3,5,30150
2015-12-16,600436,09:59:23,2,60.31,25,150775
2015-12-16,600436,09:59:13,2,60.31,3,18093
2015-12-16,600436,09:59:08,1,60.31,14,89198
2015-12-16,600436,09:58:58,1,60.31,2,12544
2015-12-16,600436,09:58:53,1,60.36,30,181080
2015-12-16,600436,09:58:43,1,60.36,1,10321
2015-12-16,600436,09:58:38,1,60.39,19,116009
2015-12-16,600436,09:58:23,1,60.39,13,78507
2015-12-16,600436,09:58:03,1,60.4,23,138920
2015-12-16,600436,09:57:53,1,60.4,30,182468
2015-12-16,600436,09:57:48,2,60.42,1,6042
2015-12-16,600436,09:57:38,1,60.41,28,171685
2015-12-16,600436,09:57:33,2,60.47,24,148635
2015-12-16,600436,09:57:18,2,60.48,1,6048
2015-12-16,600436,09:57:08,2,60.48,3,18144
2015-12-16,600436,09:57:03,1,60.48,18,112371
2015-12-16,600436,09:56:48,2,60.5,1,6050
2015-12-16,600436,09:56:43,2,60.48,12,72576
2015-12-16,600436,09:56:33,1,60.47,30,181410
2015-12-16,600436,09:56:18,1,60.47,4,24188
2015-12-16,600436,09:56:13,2,60.47,29,177902
2015-12-16,600436,09:56:03,1,60.42,6,36252
2015-12-16,600436,09:55:58,1,60.42,12,72504
2015-12-16,600436,09:55:48,2,60.5,7,42350
2015-12-16,600436,09:55:43,0,60.47,23,139081
2015-12-16,600436,09:55:28,2,60.5,2,12100
2015-12-16,600436,09:55:23,1,60.5,25,154759
2015-12-16,600436,09:55:13,0,60.51,101,611151
2015-12-16,600436,09:55:08,1,60.5,646,3908300
2015-12-16,600436,09:54:58,1,60.51,2,12102
2015-12-16,600436,09:54:53,1,60.51,53,320703
2015-12-16,600436,09:54:43,2,60.51,3,18153
2015-12-16,600436,09:54:38,1,60.5,133,805920
2015-12-16,600436,09:54:28,2,60.51,10,60510
2015-12-16,600436,09:54:23,1,60.5,171,1034550
2015-12-16,600436,09:54:13,2,60.54,35,213161
2015-12-16,600436,09:54:08,2,60.53,79,478187
2015-12-16,600436,09:53:48,1,60.51,89,541080
2015-12-16,600436,09:53:38,1,60.52,49,300058
2015-12-16,600436,09:53:28,2,60.53,1,6053
2015-12-16,600436,09:53:18,1,60.53,7,42371
2015-12-16,600436,09:53:13,2,60.54,13,78702
2015-12-16,600436,09:53:08,1,60.54,17,102918
2015-12-16,600436,09:52:58,2,60.6,21,127260
2015-12-16,600436,09:52:48,2,60.6,7,42420
2015-12-16,600436,09:52:43,1,60.59,49,296891
2015-12-16,600436,09:52:33,2,60.61,8,48488
2015-12-16,600436,09:52:28,2,60.6,5,30300
2015-12-16,600436,09:52:18,2,60.6,31,187860
2015-12-16,600436,09:52:13,1,60.6,79,478740
2015-12-16,600436,09:51:58,1,60.61,6,36366
2015-12-16,600436,09:51:53,1,60.63,5,30315
2015-12-16,600436,09:51:43,2,60.64,81,491184
2015-12-16,600436,09:51:38,2,60.65,4,24260
2015-12-16,600436,09:51:28,1,60.64,38,230432
2015-12-16,600436,09:51:23,0,60.64,42,254688
2015-12-16,600436,09:51:13,2,60.65,15,90975
2015-12-16,600436,09:51:08,1,60.64,66,400224
2015-12-16,600436,09:50:52,2,60.69,17,103173
2015-12-16,600436,09:50:37,2,60.66,6,36396
2015-12-16,600436,09:50:32,2,60.66,10,60660
2015-12-16,600436,09:50:22,2,60.64,26,157664
2015-12-16,600436,09:50:17,1,60.62,27,163674
2015-12-16,600436,09:50:07,2,60.62,34,209260
2015-12-16,600436,09:50:02,1,60.59,24,148324
2015-12-16,600436,09:49:52,1,60.6,26,157560
2015-12-16,600436,09:49:47,2,60.64,48,294225
2015-12-16,600436,09:49:37,2,60.6,4,24240
2015-12-16,600436,09:49:32,1,60.6,76,463468
2015-12-16,600436,09:49:17,2,60.64,46,278944
2015-12-16,600436,09:49:02,1,60.6,113,687931
2015-12-16,600436,09:48:47,2,60.6,37,224220
2015-12-16,600436,09:48:42,1,60.56,29,175624
2015-12-16,600436,09:48:32,0,60.58,3,18174
2015-12-16,600436,09:48:27,0,60.58,67,405886
2015-12-16,600436,09:48:17,2,60.6,3,18180
2015-12-16,600436,09:48:12,1,60.6,87,527220
2015-12-16,600436,09:47:57,1,60.66,36,218376
2015-12-16,600436,09:47:47,1,60.7,126,764820
2015-12-16,600436,09:47:42,1,60.7,4,24280
2015-12-16,600436,09:47:37,1,60.72,88,534336
2015-12-16,600436,09:47:27,2,60.72,53,321816
2015-12-16,600436,09:47:22,1,60.66,37,224442
2015-12-16,600436,09:47:12,2,60.7,2,12140
2015-12-16,600436,09:47:07,2,60.7,11,66770
2015-12-16,600436,09:46:57,1,60.7,156,946920
2015-12-16,600436,09:46:42,2,60.77,9,54693
2015-12-16,600436,09:46:37,2,60.77,147,893319
2015-12-16,600436,09:46:27,0,60.75,13,78975
2015-12-16,600436,09:46:22,1,60.77,59,358543
2015-12-16,600436,09:46:07,1,60.77,24,147124
2015-12-16,600436,09:45:57,2,60.8,62,376960
2015-12-16,600436,09:45:52,1,60.74,29,177421
2015-12-16,600436,09:45:37,2,60.8,247,1501760
2015-12-16,600436,09:45:22,2,60.73,77,467621
2015-12-16,600436,09:45:07,2,60.72,141,856152
2015-12-16,600436,09:45:02,2,60.72,31,188232
2015-12-16,600436,09:44:52,1,60.71,8,48568
2015-12-16,600436,09:44:47,2,60.72,68,412896
2015-12-16,600436,09:44:37,2,60.7,21,127470
2015-12-16,600436,09:44:27,1,60.6,6,36360
2015-12-16,600436,09:44:22,2,60.6,30,181800
2015-12-16,600436,09:44:12,0,60.61,17,103037
2015-12-16,600436,09:43:57,1,60.7,68,415795
2015-12-16,600436,09:43:47,2,60.76,25,151900
2015-12-16,600436,09:43:37,1,60.76,95,580258
2015-12-16,600436,09:43:27,2,60.77,1,6077
2015-12-16,600436,09:43:22,1,60.78,110,668580
2015-12-16,600436,09:43:12,1,60.78,50,303900
2015-12-16,600436,09:43:07,2,60.8,61,370880
2015-12-16,600436,09:42:57,2,60.8,21,127680
2015-12-16,600436,09:42:52,0,60.8,216,1313280
2015-12-16,600436,09:42:42,0,60.82,36,218952
2015-12-16,600436,09:42:37,0,60.79,27,164133
2015-12-16,600436,09:42:27,2,60.82,54,328428
2015-12-16,600436,09:42:22,2,60.76,93,565068
2015-12-16,600436,09:42:07,2,60.76,16,97216
2015-12-16,600436,09:42:02,2,60.72,116,704352
2015-12-16,600436,09:41:52,1,60.58,3,18174
2015-12-16,600436,09:41:47,2,60.6,19,115140
2015-12-16,600436,09:41:37,2,60.55,11,66605
2015-12-16,600436,09:41:32,2,60.5,68,411400
2015-12-16,600436,09:41:22,2,60.49,24,145176
2015-12-16,600436,09:41:17,2,60.45,67,405015
2015-12-16,600436,09:41:02,2,60.45,59,356655
2015-12-16,600436,09:40:47,1,60.4,13,78520
2015-12-16,600436,09:40:42,2,60.44,11,66484
2015-12-16,600436,09:40:27,2,60.4,59,357084
2015-12-16,600436,09:40:17,1,60.36,13,78468
2015-12-16,600436,09:40:12,0,60.37,58,350146
2015-12-16,600436,09:40:02,1,60.36,14,84504
2015-12-16,600436,09:39:57,2,60.38,72,434736
2015-12-16,600436,09:39:47,2,60.36,5,30180
2015-12-16,600436,09:39:42,1,60.22,43,261655
2015-12-16,600436,09:39:32,1,60.26,49,298588
2015-12-16,600436,09:39:27,2,60.29,66,400627
2015-12-16,600436,09:39:17,1,60.28,19,114532
2015-12-16,600436,09:39:12,2,60.29,28,168812
2015-12-16,600436,09:38:57,2,60.28,12,72336
2015-12-16,600436,09:38:42,2,60.28,53,319484
2015-12-16,600436,09:38:27,2,60.27,8,48216
2015-12-16,600436,09:38:22,0,60.27,4,24108
2015-12-16,600436,09:38:07,1,60.26,13,78338
2015-12-16,600436,09:37:57,0,60.26,3,18078
2015-12-16,600436,09:37:52,2,60.28,12,72336
2015-12-16,600436,09:37:42,1,60.26,9,54234
2015-12-16,600436,09:37:37,1,60.27,63,383196
2015-12-16,600436,09:37:26,1,60.28,6,36168
2015-12-16,600436,09:37:21,2,60.29,3,18087
2015-12-16,600436,09:37:11,2,60.29,7,43469
2015-12-16,600436,09:37:06,1,60.29,77,464534
2015-12-16,600436,09:36:56,2,60.3,46,278646
2015-12-16,600436,09:36:51,2,60.29,100,608627
2015-12-16,600436,09:36:36,2,60.29,52,313508
2015-12-16,600436,09:36:31,1,60.25,11,68805
2015-12-16,600436,09:36:21,2,60.3,51,307530
2015-12-16,600436,09:36:16,1,60.24,3,18072
2015-12-16,600436,09:36:06,2,60.24,2,12048
2015-12-16,600436,09:36:01,1,60.21,27,163831
2015-12-16,600436,09:35:51,2,60.24,2,12048
2015-12-16,600436,09:35:46,2,60.24,21,127769
2015-12-16,600436,09:35:36,1,60.18,3,19317
2015-12-16,600436,09:35:31,1,60.18,3,19317
2015-12-16,600436,09:35:21,2,60.2,40,240800
2015-12-16,600436,09:35:16,1,60.16,56,336896
2015-12-16,600436,09:35:01,2,60.2,11,66220
2015-12-16,600436,09:34:51,1,60.19,4,24076
2015-12-16,600436,09:34:46,2,60.21,65,391365
2015-12-16,600436,09:34:31,2,60.19,19,114361
2015-12-16,600436,09:34:16,1,60.1,109,655090
2015-12-16,600436,09:34:11,2,60.19,7,42133
2015-12-16,600436,09:33:56,1,60.1,26,156260
2015-12-16,600436,09:33:41,2,60.2,69,415380
2015-12-16,600436,09:33:36,2,60.18,27,162486
2015-12-16,600436,09:33:21,2,60.1,16,97842
2015-12-16,600436,09:33:06,1,60.0,40,244320
2015-12-16,600436,09:32:56,0,60.05,6,36030
2015-12-16,600436,09:32:51,1,60.02,6,36012
2015-12-16,600436,09:32:46,2,60.06,8,48048
2015-12-16,600436,09:32:36,2,60.06,5,30030
2015-12-16,600436,09:32:31,1,60.06,20,120120
2015-12-16,600436,09:32:21,0,60.07,26,157863
2015-12-16,600436,09:32:06,2,60.22,1,6022
2015-12-16,600436,09:32:01,0,60.25,22,132550
2015-12-16,600436,09:31:46,0,60.27,10,60270
2015-12-16,600436,09:31:31,2,60.24,105,632520
2015-12-16,600436,09:31:16,2,60.0,1,6000
2015-12-16,600436,09:31:01,1,60.0,11,66000
2015-12-16,600436,09:30:56,0,60.24,202,1216848
2015-12-16,600436,09:30:46,2,60.1,2,12020
2015-12-16,600436,09:30:41,0,59.9,19,113810
2015-12-16,600436,09:30:31,2,59.9,10,59900
2015-12-16,600436,09:30:26,2,59.89,61,365329
2015-12-16,600436,09:30:16,2,59.89,8,47912
2015-12-16,600436,09:30:11,2,59.89,2,11978
2015-12-16,600436,09:30:06,2,59.89,308,1844612
2015-12-16,600436,09:25:01,2,59.88,119,712572
2015-12-15,600436,15:00:06,1,59.87,0,0
2015-12-15,600436,15:00:01,2,59.89,24,143736
2015-12-15,600436,14:59:56,2,59.87,4,23948
2015-12-15,600436,14:59:51,2,59.87,4,23948
2015-12-15,600436,14:59:41,2,59.87,22,131714
2015-12-15,600436,14:59:36,1,59.87,5,29935
2015-12-15,600436,14:59:31,2,59.88,24,143712
2015-12-15,600436,14:59:26,2,59.87,15,89805
2015-12-15,600436,14:59:21,1,59.86,8,47888
2015-12-15,600436,14:59:16,1,59.87,1,5987
2015-12-15,600436,14:59:11,2,59.88,32,191616
2015-12-15,600436,14:59:06,1,59.86,8,47888
2015-12-15,600436,14:59:01,2,59.87,48,287376
2015-12-15,600436,14:58:56,0,59.86,144,864917
2015-12-15,600436,14:58:46,2,59.87,14,83818
2015-12-15,600436,14:58:41,2,59.87,16,95792
2015-12-15,600436,14:58:36,1,59.86,3,17958
2015-12-15,600436,14:58:31,1,59.86,25,149650
2015-12-15,600436,14:58:26,2,59.86,29,173594
2015-12-15,600436,14:58:21,2,59.86,12,71832
2015-12-15,600436,14:58:16,2,59.86,7,41902
2015-12-15,600436,14:58:11,2,59.86,2,11972
2015-12-15,600436,14:58:06,2,59.86,34,203524
2015-12-15,600436,14:58:01,2,59.86,10,59860
2015-12-15,600436,14:57:56,1,59.85,7,41895
2015-12-15,600436,14:57:51,2,59.86,12,71832
2015-12-15,600436,14:57:46,1,59.85,1,5985
2015-12-15,600436,14:57:41,2,59.87,29,173623
2015-12-15,600436,14:57:36,1,59.86,43,257398
2015-12-15,600436,14:57:30,1,59.86,1,5986
2015-12-15,600436,14:57:25,1,59.86,5,29930
2015-12-15,600436,14:57:20,1,59.85,12,71820
2015-12-15,600436,14:57:15,2,59.9,92,551080
2015-12-15,600436,14:57:10,0,59.89,7,41923
2015-12-15,600436,14:57:05,2,59.9,1,5990
2015-12-15,600436,14:56:55,2,59.9,1,5990
2015-12-15,600436,14:56:50,1,59.82,22,131604
2015-12-15,600436,14:56:45,2,59.82,1,5982
2015-12-15,600436,14:56:40,2,59.9,58,347420
2015-12-15,600436,14:56:35,2,59.82,41,245262
2015-12-15,600436,14:56:30,1,59.81,33,197373
2015-12-15,600436,14:56:20,2,59.81,16,95696
2015-12-15,600436,14:56:15,1,59.8,9,53820
2015-12-15,600436,14:56:10,1,59.8,3,17940
2015-12-15,600436,14:56:05,2,59.8,3,17940
2015-12-15,600436,14:56:00,2,59.8,14,83720
2015-12-15,600436,14:55:50,1,59.8,5,29900
2015-12-15,600436,14:55:40,1,59.82,6,35892
2015-12-15,600436,14:55:35,2,59.82,6,35892
2015-12-15,600436,14:55:20,2,59.82,2,11964
2015-12-15,600436,14:55:15,1,59.8,3,17940
2015-12-15,600436,14:55:10,1,59.82,3,17946
2015-12-15,600436,14:55:00,1,59.82,2,11964
2015-12-15,600436,14:54:55,1,59.84,5,29920
2015-12-15,600436,14:54:45,1,59.86,8,49683
2015-12-15,600436,14:54:40,1,59.86,3,17958
2015-12-15,600436,14:54:35,2,59.88,8,47904
2015-12-15,600436,14:54:30,0,59.88,4,23952
2015-12-15,600436,14:54:25,2,59.89,37,221593
2015-12-15,600436,14:54:15,1,59.88,3,17964
2015-12-15,600436,14:54:10,1,59.88,14,88023
2015-12-15,600436,14:54:05,2,59.89,34,203626
2015-12-15,600436,14:54:00,1,59.84,28,167552
2015-12-15,600436,14:53:55,2,59.89,6,35934
2015-12-15,600436,14:53:45,1,59.88,1,5988
2015-12-15,600436,14:53:40,1,59.89,30,179670
2015-12-15,600436,14:53:35,2,59.9,1,5990
2015-12-15,600436,14:53:30,2,59.9,8,47920
2015-12-15,600436,14:53:25,1,59.9,5,29950
2015-12-15,600436,14:53:20,2,59.97,54,323838
2015-12-15,600436,14:53:15,2,59.9,18,107820
2015-12-15,600436,14:53:10,2,59.9,8,47920
2015-12-15,600436,14:53:05,1,59.88,1,5988
2015-12-15,600436,14:53:00,1,59.88,4,23952
2015-12-15,600436,14:52:55,2,59.89,17,101813
2015-12-15,600436,14:52:50,1,59.88,15,89820
2015-12-15,600436,14:52:45,0,59.88,16,95808
2015-12-15,600436,14:52:35,0,59.89,3,17967
2015-12-15,600436,14:52:25,2,59.9,2,11980
2015-12-15,600436,14:52:19,1,59.85,25,149625
2015-12-15,600436,14:52:14,2,59.85,5,29925
2015-12-15,600436,14:52:09,1,59.84,1,5984
2015-12-15,600436,14:52:04,2,59.84,5,29920
2015-12-15,600436,14:51:59,1,59.82,17,101694
2015-12-15,600436,14:51:54,1,59.82,31,185442
2015-12-15,600436,14:51:49,1,59.82,4,23928
2015-12-15,600436,14:51:44,0,59.82,3,17946
2015-12-15,600436,14:51:29,0,59.81,1,5981
2015-12-15,600436,14:51:19,1,59.8,13,77740
2015-12-15,600436,14:51:14,2,59.81,40,239240
2015-12-15,600436,14:51:09,2,59.81,15,89715
2015-12-15,600436,14:51:04,2,59.8,15,94842
2015-12-15,600436,14:50:44,2,59.8,22,131560
2015-12-15,600436,14:50:34,2,59.8,1,5980
2015-12-15,600436,14:50:29,0,59.78,2,11956
2015-12-15,600436,14:50:14,2,59.76,2,11952
2015-12-15,600436,14:50:09,1,59.75,8,47800
2015-12-15,600436,14:49:59,1,59.75,1,5975
2015-12-15,600436,14:49:49,1,59.75,3,17925
2015-12-15,600436,14:49:44,2,59.75,60,358500
2015-12-15,600436,14:49:34,0,59.75,2,11950
2015-12-15,600436,14:49:24,1,59.73,115,686895
2015-12-15,600436,14:49:19,2,59.75,6,35850
2015-12-15,600436,14:49:04,2,59.75,15,89625
2015-12-15,600436,14:48:59,1,59.74,10,59740
2015-12-15,600436,14:48:54,1,59.74,5,29870
2015-12-15,600436,14:48:44,2,59.75,6,35850
2015-12-15,600436,14:48:39,1,59.73,1,5973
2015-12-15,600436,14:48:34,2,59.75,1,5975
2015-12-15,600436,14:48:29,2,59.75,3,17925
2015-12-15,600436,14:48:24,1,59.72,12,71664
2015-12-15,600436,14:48:19,2,59.73,1,5973
2015-12-15,600436,14:48:14,1,59.71,1,5971
2015-12-15,600436,14:48:09,1,59.71,4,23884
2015-12-15,600436,14:48:04,1,59.71,1,5971
2015-12-15,600436,14:47:59,2,59.71,29,173159
2015-12-15,600436,14:47:54,1,59.7,43,256710
2015-12-15,600436,14:47:49,2,59.71,10,59710
2015-12-15,600436,14:47:44,2,59.71,60,358260
2015-12-15,600436,14:47:39,2,59.71,10,59710
2015-12-15,600436,14:47:34,2,59.71,3,17913
2015-12-15,600436,14:47:29,2,59.71,15,89565
2015-12-15,600436,14:47:24,2,59.71,27,161217
2015-12-15,600436,14:47:19,1,59.71,103,615013
2015-12-15,600436,14:47:14,1,59.73,10,59730
2015-12-15,600436,14:47:08,2,59.73,84,501732
2015-12-15,600436,14:47:03,1,59.71,5,29855
2015-12-15,600436,14:46:58,2,59.73,4,23892
2015-12-15,600436,14:46:53,1,59.73,4,23892
2015-12-15,600436,14:46:43,1,59.73,46,274758
2015-12-15,600436,14:46:38,2,59.75,15,89625
2015-12-15,600436,14:46:33,1,59.73,12,71676
2015-12-15,600436,14:46:28,1,59.73,1,5973
2015-12-15,600436,14:46:18,0,59.73,14,83622
2015-12-15,600436,14:46:08,1,59.72,1,5972
2015-12-15,600436,14:46:03,1,59.72,3,17916
2015-12-15,600436,14:45:58,2,59.75,1,5975
2015-12-15,600436,14:45:53,1,59.72,38,226936
2015-12-15,600436,14:45:48,1,59.76,3,17928
2015-12-15,600436,14:45:43,2,59.76,18,107568
2015-12-15,600436,14:45:38,1,59.71,2,11942
2015-12-15,600436,14:45:28,1,59.71,10,59710
2015-12-15,600436,14:45:23,1,59.76,5,29880
2015-12-15,600436,14:45:13,1,59.7,40,238800
2015-12-15,600436,14:45:08,1,59.75,1,5975
2015-12-15,600436,14:45:03,1,59.8,1,5980
2015-12-15,600436,14:44:58,1,59.8,2,11960
2015-12-15,600436,14:44:43,2,59.81,40,239240
2015-12-15,600436,14:44:38,1,59.81,58,346898
2015-12-15,600436,14:44:33,2,59.9,1,5990
2015-12-15,600436,14:44:18,1,59.9,7,41930
2015-12-15,600436,14:44:13,2,59.95,35,209825
2015-12-15,600436,14:44:08,1,59.95,1,5995
2015-12-15,600436,14:44:03,2,59.98,5,29990
2015-12-15,600436,14:43:58,2,59.98,10,59980
2015-12-15,600436,14:43:53,1,59.95,2,11990
2015-12-15,600436,14:43:49,2,59.99,3,17997
2015-12-15,600436,14:43:44,2,60.0,41,246000
2015-12-15,600436,14:43:34,1,59.99,9,56990
2015-12-15,600436,14:43:29,1,59.99,3,17997
2015-12-15,600436,14:43:19,1,59.99,18,107982
2015-12-15,600436,14:43:14,0,59.99,14,86985
2015-12-15,600436,14:43:09,1,59.98,59,353882
2015-12-15,600436,14:42:59,1,59.98,10,59980
2015-12-15,600436,14:42:49,1,59.98,18,107964
2015-12-15,600436,14:42:44,2,59.97,3,17991
2015-12-15,600436,14:42:34,1,59.97,28,167916
2015-12-15,600436,14:42:29,2,60.0,154,924000
2015-12-15,600436,14:42:19,1,59.97,27,161919
2015-12-15,600436,14:42:14,2,59.98,1,5998
2015-12-15,600436,14:42:09,1,59.96,10,59960
2015-12-15,600436,14:42:04,1,59.96,4,23984
2015-12-15,600436,14:41:54,1,59.96,2,11992
2015-12-15,600436,14:41:49,1,59.96,5,29980
2015-12-15,600436,14:41:44,2,59.98,3,17994
2015-12-15,600436,14:41:34,2,59.95,22,131890
2015-12-15,600436,14:41:24,1,59.9,21,125790
2015-12-15,600436,14:41:19,1,59.9,1,5990
2015-12-15,600436,14:41:14,2,59.9,2,11980
2015-12-15,600436,14:41:09,2,59.9,2,11980
2015-12-15,600436,14:41:04,2,59.9,27,161730
2015-12-15,600436,14:40:59,2,59.9,1,5990
2015-12-15,600436,14:40:44,1,59.89,1,5989
2015-12-15,600436,14:40:39,2,59.89,37,221593
2015-12-15,600436,14:40:34,2,59.87,13,77831
2015-12-15,600436,14:40:13,2,59.82,6,35892
2015-12-15,600436,14:39:53,1,59.81,1,5981
2015-12-15,600436,14:39:43,2,59.81,44,263164
2015-12-15,600436,14:39:33,2,59.81,1,5981
2015-12-15,600436,14:39:28,1,59.82,18,107676
2015-12-15,600436,14:39:23,1,59.82,4,23928
2015-12-15,600436,14:39:13,2,59.82,22,131604
2015-12-15,600436,14:39:08,1,59.81,2,11962
2015-12-15,600436,14:39:03,1,59.81,3,17943
2015-12-15,600436,14:38:48,2,59.84,13,77792
2015-12-15,600436,14:38:43,1,59.82,100,598200
2015-12-15,600436,14:38:33,0,59.84,5,29920
2015-12-15,600436,14:38:23,1,59.83,14,83762
2015-12-15,600436,14:38:13,1,59.82,9,53838
2015-12-15,600436,14:38:03,1,59.82,10,59820
2015-12-15,600436,14:37:48,1,59.82,1,5982
2015-12-15,600436,14:37:43,1,59.81,4,23924
2015-12-15,600436,14:37:18,1,59.86,2,11972
2015-12-15,600436,14:37:13,2,59.9,50,299500
2015-12-15,600436,14:37:08,1,59.89,1,5989
2015-12-15,600436,14:37:03,1,59.89,5,29945
2015-12-15,600436,14:36:58,2,59.9,1,5990
2015-12-15,600436,14:36:53,1,59.89,12,71868
2015-12-15,600436,14:36:48,1,59.89,22,131758
2015-12-15,600436,14:36:42,2,59.9,1,5990
2015-12-15,600436,14:36:37,1,59.88,1,5988
2015-12-15,600436,14:36:17,1,59.9,41,245590
2015-12-15,600436,14:36:07,1,59.9,10,59900
2015-12-15,600436,14:35:47,1,59.9,29,173710
2015-12-15,600436,14:35:42,2,59.99,60,359940
2015-12-15,600436,14:35:17,1,59.99,7,41993
2015-12-15,600436,14:35:12,2,60.0,46,276000
2015-12-15,600436,14:35:07,2,60.0,2,12000
2015-12-15,600436,14:34:57,1,59.99,8,47992
2015-12-15,600436,14:34:52,1,60.0,33,201000
2015-12-15,600436,14:34:47,1,60.0,60,363000
2015-12-15,600436,14:34:42,0,60.0,2,12000
2015-12-15,600436,14:34:37,1,59.99,1,5999
2015-12-15,600436,14:34:32,0,60.0,1,6000
2015-12-15,600436,14:34:22,1,59.99,12,71988
2015-12-15,600436,14:34:17,2,60.01,14,84014
2015-12-15,600436,14:34:12,2,60.01,1,6001
2015-12-15,600436,14:34:07,1,59.98,20,119960
2015-12-15,600436,14:33:52,2,60.04,97,582388
2015-12-15,600436,14:33:47,1,60.0,61,366000
2015-12-15,600436,14:33:42,1,60.0,11,66000
2015-12-15,600436,14:33:37,2,60.03,24,144072
2015-12-15,600436,14:33:32,2,60.03,3,18009
2015-12-15,600436,14:33:27,2,60.02,19,114038
2015-12-15,600436,14:33:22,1,60.01,21,126021
2015-12-15,600436,14:33:17,0,60.01,7,42007
2015-12-15,600436,14:33:12,1,60.0,1,6000
2015-12-15,600436,14:33:06,1,60.0,3,18000
2015-12-15,600436,14:32:51,1,60.0,11,69000
2015-12-15,600436,14:32:46,2,60.0,6,39000
2015-12-15,600436,14:32:31,1,60.0,5,33000
2015-12-15,600436,14:32:16,2,60.0,34,207000
2015-12-15,600436,14:32:11,1,59.99,13,77987
2015-12-15,600436,14:32:06,2,60.0,53,318000
2015-12-15,600436,14:31:56,1,59.99,20,119980
2015-12-15,600436,14:31:51,2,60.0,1,6000
2015-12-15,600436,14:31:46,0,59.99,2,11998
2015-12-15,600436,14:31:41,1,59.98,2,11996
2015-12-15,600436,14:31:36,2,60.0,10,60000
2015-12-15,600436,14:31:31,1,59.98,3,17994
2015-12-15,600436,14:31:21,0,59.98,1,5998
2015-12-15,600436,14:31:11,2,59.99,9,53991
2015-12-15,600436,14:31:06,1,59.97,2,11994
2015-12-15,600436,14:30:56,1,59.97,7,41979
2015-12-15,600436,14:30:46,0,59.97,20,119940
2015-12-15,600436,14:30:41,1,59.96,3,17988
2015-12-15,600436,14:30:36,1,59.96,6,35976
2015-12-15,600436,14:30:31,0,59.99,6,35994
2015-12-15,600436,14:30:21,1,59.96,5,29980
2015-12-15,600436,14:30:16,1,59.95,5,29975
2015-12-15,600436,14:30:11,2,60.0,5,30000
2015-12-15,600436,14:30:01,2,60.0,6,36000
2015-12-15,600436,14:29:46,2,60.0,40,240000
2015-12-15,600436,14:29:36,1,60.0,246,1479000
2015-12-15,600436,14:29:31,1,60.03,1,6003
2015-12-15,600436,14:29:26,1,60.03,13,78039
2015-12-15,600436,14:29:20,1,60.03,16,96048
2015-12-15,600436,14:29:15,0,60.03,6,36018
2015-12-15,600436,14:29:10,1,60.02,11,66022
2015-12-15,600436,14:29:00,2,60.04,1,6004
2015-12-15,600436,14:28:55,1,60.03,1,6003
2015-12-15,600436,14:28:50,1,60.06,20,123123
2015-12-15,600436,14:28:45,2,60.07,46,279325
2015-12-15,600436,14:28:40,1,60.04,8,51034
2015-12-15,600436,14:28:35,1,60.05,4,24020
2015-12-15,600436,14:28:30,1,60.05,12,72060
2015-12-15,600436,14:28:25,1,60.05,29,177147
2015-12-15,600436,14:28:15,1,60.07,2,12014
2015-12-15,600436,14:28:10,0,60.07,14,84098
2015-12-15,600436,14:28:05,2,60.08,25,150200
2015-12-15,600436,14:27:55,2,60.08,10,60080
2015-12-15,600436,14:27:50,1,60.08,89,537776
2015-12-15,600436,14:27:45,1,60.08,55,330440
2015-12-15,600436,14:27:35,1,60.08,40,240320
2015-12-15,600436,14:27:30,2,60.08,53,321367
2015-12-15,600436,14:27:25,2,60.04,7,42028
2015-12-15,600436,14:27:15,1,60.02,18,108036
2015-12-15,600436,14:27:10,2,60.03,1,6003
2015-12-15,600436,14:27:05,2,60.02,11,69023
2015-12-15,600436,14:27:00,2,60.0,7,42000
2015-12-15,600436,14:26:55,2,60.0,5,30000
2015-12-15,600436,14:26:50,2,60.0,1,6000
2015-12-15,600436,14:26:45,1,60.0,94,564000
2015-12-15,600436,14:26:40,2,60.0,31,186000
2015-12-15,600436,14:26:30,2,60.0,9,54000
2015-12-15,600436,14:26:20,2,60.0,4,24000
2015-12-15,600436,14:26:10,2,59.99,32,191968
2015-12-15,600436,14:25:55,1,59.95,35,209825
2015-12-15,600436,14:25:50,2,60.0,813,4878000
2015-12-15,600436,14:25:39,1,59.95,25,149875
2015-12-15,600436,14:25:29,2,59.95,5,29975
2015-12-15,600436,14:25:14,2,59.95,7,41965
2015-12-15,600436,14:25:09,2,59.93,4,23972
2015-12-15,600436,14:24:59,2,59.92,33,197736
2015-12-15,600436,14:24:49,2,59.92,71,425432
2015-12-15,600436,14:24:39,1,59.91,2,11982
2015-12-15,600436,14:24:24,2,59.91,107,641037
2015-12-15,600436,14:24:19,2,59.91,7,41937
2015-12-15,600436,14:24:04,1,59.9,1,5990
2015-12-15,600436,14:23:59,2,59.9,5,29950
2015-12-15,600436,14:23:49,1,59.9,32,191680
2015-12-15,600436,14:23:39,2,59.91,3,17973
2015-12-15,600436,14:23:29,2,59.9,41,245590
2015-12-15,600436,14:23:24,1,59.89,1,5989
2015-12-15,600436,14:23:09,0,59.89,5,29945
2015-12-15,600436,14:22:44,2,59.9,4,23960
2015-12-15,600436,14:22:09,0,59.88,1,5988
2015-12-15,600436,14:22:03,1,59.87,30,179610
2015-12-15,600436,14:21:58,2,59.88,33,200118
2015-12-15,600436,14:21:23,1,59.86,6,35916
2015-12-15,600436,14:21:18,2,59.88,20,119760
2015-12-15,600436,14:21:08,1,59.86,2,11972
2015-12-15,600436,14:21:03,1,59.86,6,35916
2015-12-15,600436,14:20:58,2,59.86,14,89610
2015-12-15,600436,14:20:53,1,59.85,25,149625
2015-12-15,600436,14:20:38,1,59.86,4,24123
2015-12-15,600436,14:20:28,2,59.86,48,293134
2015-12-15,600436,14:20:23,1,59.85,3,17955
2015-12-15,600436,14:20:03,2,59.86,4,23944
2015-12-15,600436,14:19:58,0,59.85,24,143640
2015-12-15,600436,14:19:48,2,59.86,3,17958
2015-12-15,600436,14:19:38,1,59.86,16,95955
2015-12-15,600436,14:19:28,2,59.87,60,362033
2015-12-15,600436,14:19:23,1,59.86,0,2993
2015-12-15,600436,14:19:18,2,59.87,12,71844
2015-12-15,600436,14:19:08,1,59.86,10,59860
2015-12-15,600436,14:19:03,0,59.86,4,23944
2015-12-15,600436,14:18:38,2,59.88,10,59880
2015-12-15,600436,14:18:28,0,59.81,1,5981
2015-12-15,600436,14:18:17,2,59.88,51,305388
2015-12-15,600436,14:18:12,2,59.84,1,5984
2015-12-15,600436,14:17:52,2,59.84,3,17952
2015-12-15,600436,14:17:42,1,59.78,76,458512
2015-12-15,600436,14:17:37,2,59.83,8,47864
2015-12-15,600436,14:17:27,2,59.8,29,173420
2015-12-15,600436,14:17:12,2,59.78,2,11956
2015-12-15,600436,14:17:07,2,59.75,2,11950
2015-12-15,600436,14:17:02,0,59.72,2,11944
2015-12-15,600436,14:16:47,2,59.7,13,77610
2015-12-15,600436,14:16:37,2,59.68,7,41776
2015-12-15,600436,14:16:32,1,59.67,21,125307
2015-12-15,600436,14:16:27,2,59.68,3,17904
2015-12-15,600436,14:16:22,1,59.66,1,5966
2015-12-15,600436,14:16:17,2,59.68,6,35808
2015-12-15,600436,14:16:02,2,59.68,9,53712
2015-12-15,600436,14:15:57,2,59.65,8,47720
2015-12-15,600436,14:15:52,2,59.63,1,5963
2015-12-15,600436,14:15:37,2,59.6,2,11920
2015-12-15,600436,14:15:27,2,59.6,170,1013200
2015-12-15,600436,14:15:22,1,59.58,3,17874
2015-12-15,600436,14:15:17,2,59.58,25,148950
2015-12-15,600436,14:15:02,2,59.56,52,309712
2015-12-15,600436,14:14:52,1,59.55,3,17865
2015-12-15,600436,14:14:47,1,59.55,1,5955
2015-12-15,600436,14:14:31,2,59.56,2,11912
2015-12-15,600436,14:14:26,2,59.56,4,23824
2015-12-15,600436,14:14:21,1,59.54,8,47632
2015-12-15,600436,14:14:16,1,59.54,6,35724
2015-12-15,600436,14:14:06,2,59.56,1,5956
2015-12-15,600436,14:14:01,2,59.56,17,101252
2015-12-15,600436,14:13:56,2,59.56,13,77428
2015-12-15,600436,14:13:51,2,59.56,2,11912
2015-12-15,600436,14:13:41,2,59.56,5,29780
2015-12-15,600436,14:13:36,2,59.55,3,17865
2015-12-15,600436,14:13:31,2,59.55,4,23820
2015-12-15,600436,14:13:26,1,59.54,3,17862
2015-12-15,600436,14:13:21,2,59.55,2,11910
2015-12-15,600436,14:13:16,1,59.55,31,184605
2015-12-15,600436,14:13:11,2,59.59,4,23836
2015-12-15,600436,14:13:06,2,59.59,5,29795
2015-12-15,600436,14:13:01,2,59.59,2,11918
2015-12-15,600436,14:12:51,2,59.59,20,119180
2015-12-15,600436,14:12:41,1,59.55,3,17865
2015-12-15,600436,14:12:36,1,59.54,6,35724
2015-12-15,600436,14:12:26,2,59.59,4,23836
2015-12-15,600436,14:12:21,1,59.55,22,131010
2015-12-15,600436,14:12:16,1,59.56,1,5956
2015-12-15,600436,14:12:11,2,59.58,1,5958
2015-12-15,600436,14:12:01,2,59.59,3,17877
2015-12-15,600436,14:11:56,1,59.57,34,202538
2015-12-15,600436,14:11:51,1,59.58,30,178740
2015-12-15,600436,14:11:46,1,59.58,1,5958
2015-12-15,600436,14:11:41,1,59.58,10,59580
2015-12-15,600436,14:11:36,1,59.58,2,11916
2015-12-15,600436,14:11:31,0,59.58,3,17874
2015-12-15,600436,14:11:26,2,59.59,15,89385
2015-12-15,600436,14:11:21,2,59.58,1,5958
2015-12-15,600436,14:11:16,1,59.58,6,35748
2015-12-15,600436,14:11:11,2,59.59,2,11918
2015-12-15,600436,14:11:05,1,59.58,11,65538
2015-12-15,600436,14:11:00,1,59.58,46,274068
2015-12-15,600436,14:10:50,2,59.59,2,11918
2015-12-15,600436,14:10:45,1,59.59,5,29795
2015-12-15,600436,14:10:40,2,59.6,25,149000
2015-12-15,600436,14:10:30,0,59.59,1,5959
2015-12-15,600436,14:10:25,2,59.6,2,11920
2015-12-15,600436,14:10:20,2,59.6,2,11920
2015-12-15,600436,14:10:15,1,59.6,12,71520
2015-12-15,600436,14:10:10,2,59.61,3,17883
2015-12-15,600436,14:10:05,1,59.6,22,131120
2015-12-15,600436,14:10:00,2,59.61,4,23844
2015-12-15,600436,14:09:55,1,59.61,1,5961
2015-12-15,600436,14:09:50,0,59.62,1,5962
2015-12-15,600436,14:09:40,1,59.58,76,452808
2015-12-15,600436,14:09:35,2,59.61,4,23844
2015-12-15,600436,14:09:30,2,59.61,3,17883
2015-12-15,600436,14:09:20,1,59.6,3,17880
2015-12-15,600436,14:09:15,2,59.6,31,184760
2015-12-15,600436,14:09:10,1,59.59,4,23836
2015-12-15,600436,14:09:00,2,59.59,2,11918
2015-12-15,600436,14:08:45,2,59.59,4,23836
2015-12-15,600436,14:08:40,2,59.57,1,5957
2015-12-15,600436,14:08:25,2,59.56,0,5360
2015-12-15,600436,14:08:20,0,59.55,17,101235
2015-12-15,600436,14:08:15,1,59.54,16,95264
2015-12-15,600436,14:08:10,2,59.55,2,11910
2015-12-15,600436,14:08:05,2,59.54,4,23816
2015-12-15,600436,14:07:55,2,59.54,1,5954
2015-12-15,600436,14:07:45,2,59.52,4,23808
2015-12-15,600436,14:07:40,2,59.52,11,65472
2015-12-15,600436,14:07:35,1,59.51,27,160677
2015-12-15,600436,14:07:30,0,59.51,1,5951
2015-12-15,600436,14:07:24,1,59.5,1,5950
2015-12-15,600436,14:07:19,1,59.51,3,17853
2015-12-15,600436,14:07:14,2,59.5,10,59500
2015-12-15,600436,14:07:09,2,59.5,11,65450
2015-12-15,600436,14:06:59,2,59.48,10,59480
2015-12-15,600436,14:06:54,2,59.48,13,77324
2015-12-15,600436,14:06:49,2,59.48,15,89220
2015-12-15,600436,14:06:44,1,59.47,2,11894
2015-12-15,600436,14:06:39,1,59.47,14,83258
2015-12-15,600436,14:06:34,2,59.48,19,113012
2015-12-15,600436,14:06:29,2,59.48,4,23792
2015-12-15,600436,14:06:24,2,59.48,13,77324
2015-12-15,600436,14:06:19,1,59.48,33,196284
2015-12-15,600436,14:06:14,2,59.5,20,119000
2015-12-15,600436,14:06:09,2,59.5,15,89250
2015-12-15,600436,14:06:04,2,59.5,15,89250
2015-12-15,600436,14:05:59,2,59.48,89,529372
2015-12-15,600436,14:05:54,1,59.48,15,89220
2015-12-15,600436,14:05:49,0,59.49,109,648441
2015-12-15,600436,14:05:39,2,59.5,14,83300
2015-12-15,600436,14:05:29,1,59.5,27,160650
2015-12-15,600436,14:05:24,1,59.5,7,41650
2015-12-15,600436,14:05:19,1,59.5,25,148750
2015-12-15,600436,14:05:14,2,59.53,1,5953
2015-12-15,600436,14:05:09,2,59.52,9,53568
2015-12-15,600436,14:05:04,1,59.5,129,767550
2015-12-15,600436,14:04:59,1,59.52,18,107136
2015-12-15,600436,14:04:49,2,59.54,11,65494
2015-12-15,600436,14:04:39,0,59.53,4,23812
2015-12-15,600436,14:04:34,1,59.52,19,113088
2015-12-15,600436,14:04:24,1,59.52,1,5952
2015-12-15,600436,14:04:19,1,59.54,28,168498
2015-12-15,600436,14:04:09,2,59.55,14,83370
2015-12-15,600436,14:04:04,1,59.54,2,11908
2015-12-15,600436,14:03:59,2,59.55,4,23820
2015-12-15,600436,14:03:49,1,59.55,32,190560
2015-12-15,600436,14:03:38,2,59.56,44,262064
2015-12-15,600436,14:03:33,0,59.56,15,89340
2015-12-15,600436,14:03:23,1,59.55,24,142920
2015-12-15,600436,14:03:18,2,59.59,4,23836
2015-12-15,600436,14:03:08,1,59.56,25,148900
2015-12-15,600436,14:03:03,1,59.59,9,53631
2015-12-15,600436,14:02:58,1,59.6,8,47680
2015-12-15,600436,14:02:53,1,59.6,11,65560
2015-12-15,600436,14:02:38,2,59.64,5,29820
2015-12-15,600436,14:02:33,1,59.61,3,17883
2015-12-15,600436,14:02:28,1,59.64,48,286272
2015-12-15,600436,14:02:18,1,59.64,36,214704
2015-12-15,600436,14:02:13,2,59.68,5,29840
2015-12-15,600436,14:02:08,2,59.64,102,608328
2015-12-15,600436,14:02:03,1,59.61,14,83454
2015-12-15,600436,14:01:58,1,59.61,17,101337
2015-12-15,600436,14:01:48,1,59.62,3,17886
2015-12-15,600436,14:01:43,1,59.62,2,11924
2015-12-15,600436,14:01:28,0,59.62,3,17886
2015-12-15,600436,14:01:23,0,59.61,1,5961
2015-12-15,600436,14:01:08,1,59.59,10,59590
2015-12-15,600436,14:00:58,1,59.7,28,167160
2015-12-15,600436,14:00:48,2,59.71,4,23884
2015-12-15,600436,14:00:43,1,59.71,8,47768
2015-12-15,600436,14:00:28,1,59.71,1,5971
2015-12-15,600436,14:00:18,0,59.71,1,5971
2015-12-15,600436,14:00:07,0,59.76,3,17928
2015-12-15,600436,14:00:02,1,59.75,11,65725
2015-12-15,600436,13:59:57,2,59.8,2,11960
2015-12-15,600436,13:59:52,1,59.8,10,59800
2015-12-15,600436,13:59:47,1,59.8,6,35880
2015-12-15,600436,13:59:42,1,59.8,57,340860
2015-12-15,600436,13:59:37,2,59.81,2,11962
2015-12-15,600436,13:59:32,1,59.81,8,49881
2015-12-15,600436,13:59:27,1,59.81,14,83734
2015-12-15,600436,13:59:22,2,59.85,10,59850
2015-12-15,600436,13:59:17,2,59.84,7,41888
2015-12-15,600436,13:59:12,1,59.81,19,113639
2015-12-15,600436,13:59:07,2,59.86,12,71832
2015-12-15,600436,13:58:57,0,59.85,5,29925
2015-12-15,600436,13:58:37,2,59.86,1,5986
2015-12-15,600436,13:58:32,1,59.86,58,347188
2015-12-15,600436,13:58:27,2,59.87,1,5987
2015-12-15,600436,13:58:22,1,59.86,1,5986
2015-12-15,600436,13:58:17,1,59.87,50,299350
2015-12-15,600436,13:58:12,2,59.88,10,59880
2015-12-15,600436,13:58:07,2,59.88,1,5988
2015-12-15,600436,13:58:02,1,59.87,2,11974
2015-12-15,600436,13:57:57,2,59.88,2,11976
2015-12-15,600436,13:57:52,1,59.88,12,71856
2015-12-15,600436,13:57:47,2,59.9,22,131780
2015-12-15,600436,13:57:42,1,59.88,5,29940
2015-12-15,600436,13:57:37,1,59.88,1,5988
2015-12-15,600436,13:57:27,2,59.88,41,245508
2015-12-15,600436,13:57:22,2,59.88,1,5988
2015-12-15,600436,13:57:17,0,59.86,2,11972
2015-12-15,600436,13:57:07,2,59.88,51,305388
2015-12-15,600436,13:57:02,1,59.82,12,71784
2015-12-15,600436,13:56:57,2,59.87,1,5987
2015-12-15,600436,13:56:47,1,59.82,0,1256
2015-12-15,600436,13:56:42,2,59.87,4,23948
2015-12-15,600436,13:56:32,1,59.81,2,11962
2015-12-15,600436,13:56:26,2,59.81,6,39833
2015-12-15,600436,13:56:21,1,59.79,9,55843
2015-12-15,600436,13:56:16,1,59.79,36,215244
2015-12-15,600436,13:56:06,2,59.8,36,219226
2015-12-15,600436,13:55:36,2,59.74,58,346492
2015-12-15,600436,13:55:31,2,59.74,2,11948
2015-12-15,600436,13:55:26,2,59.74,6,35844
2015-12-15,600436,13:55:21,1,59.74,31,186149
2015-12-15,600436,13:55:11,2,59.78,17,106647
2015-12-15,600436,13:55:06,1,59.75,1,5975
2015-12-15,600436,13:54:56,2,59.78,19,113582
2015-12-15,600436,13:54:46,2,59.78,3,17934
2015-12-15,600436,13:54:36,2,59.78,69,412482
2015-12-15,600436,13:54:31,2,59.72,3,17916
2015-12-15,600436,13:54:16,2,59.72,45,268740
2015-12-15,600436,13:54:11,2,59.68,2,11936
2015-12-15,600436,13:53:56,2,59.65,25,149125
2015-12-15,600436,13:53:51,2,59.63,2,11926
2015-12-15,600436,13:53:36,2,59.61,2,11922
2015-12-15,600436,13:53:31,2,59.61,8,47688
2015-12-15,600436,13:53:26,1,59.6,17,101320
2015-12-15,600436,13:53:21,1,59.6,1,5960
2015-12-15,600436,13:53:16,2,59.6,8,47680
2015-12-15,600436,13:53:11,1,59.59,41,244319
2015-12-15,600436,13:53:01,1,59.58,9,53622
2015-12-15,600436,13:52:56,2,59.6,2,11920
2015-12-15,600436,13:52:51,2,59.59,2,11918
2015-12-15,600436,13:52:45,2,59.59,41,244319
2015-12-15,600436,13:52:40,2,59.59,6,35754
2015-12-15,600436,13:52:35,1,59.58,1,5958
2015-12-15,600436,13:52:30,2,59.59,2,11918
2015-12-15,600436,13:52:25,1,59.58,5,29790
2015-12-15,600436,13:52:20,2,59.59,26,154934
2015-12-15,600436,13:52:15,1,59.57,4,23828
2015-12-15,600436,13:52:10,2,59.58,7,41706
2015-12-15,600436,13:52:00,0,59.58,3,17874
2015-12-15,600436,13:51:55,1,59.58,4,23832
2015-12-15,600436,13:51:50,0,59.58,2,11916
2015-12-15,600436,13:51:40,1,59.57,6,35742
2015-12-15,600436,13:51:25,1,59.56,10,59560
2015-12-15,600436,13:51:15,2,59.59,1,5959
2015-12-15,600436,13:51:10,2,59.59,21,125139
2015-12-15,600436,13:51:05,2,59.6,10,59600
2015-12-15,600436,13:50:51,1,59.59,5,29795
2015-12-15,600436,13:50:46,2,59.6,5,29800
2015-12-15,600436,13:50:41,1,59.59,7,41713
2015-12-15,600436,13:50:36,1,59.6,56,333760
2015-12-15,600436,13:50:26,2,59.61,15,89415
2015-12-15,600436,13:50:21,2,59.61,5,29805
2015-12-15,600436,13:50:11,1,59.6,25,149000
2015-12-15,600436,13:50:01,2,59.61,3,17883
2015-12-15,600436,13:49:56,1,59.61,21,125181
2015-12-15,600436,13:49:41,2,59.63,49,292187
2015-12-15,600436,13:49:36,0,59.62,3,17886
2015-12-15,600436,13:49:26,1,59.63,10,59630
2015-12-15,600436,13:49:16,2,59.64,16,95424
2015-12-15,600436,13:49:11,1,59.63,28,166964
2015-12-15,600436,13:48:56,2,59.67,21,125307
2015-12-15,600436,13:48:51,1,59.65,16,95440
2015-12-15,600436,13:48:41,2,59.71,5,29855
2015-12-15,600436,13:48:36,2,59.69,1,5969
2015-12-15,600436,13:48:26,1,59.69,5,29845
2015-12-15,600436,13:48:21,2,59.71,28,167188
2015-12-15,600436,13:48:11,2,59.69,1,5969
2015-12-15,600436,13:48:06,1,59.69,38,226822
2015-12-15,600436,13:47:56,1,59.69,10,59690
2015-12-15,600436,13:47:51,2,59.71,53,316463
2015-12-15,600436,13:47:41,2,59.69,44,262636
2015-12-15,600436,13:47:36,2,59.69,2,11938
2015-12-15,600436,13:47:31,1,59.68,18,107424
2015-12-15,600436,13:47:21,2,59.7,42,250740
2015-12-15,600436,13:47:06,2,59.7,5,29850
2015-12-15,600436,13:47:01,2,59.64,62,369768
2015-12-15,600436,13:46:46,1,59.64,17,101388
2015-12-15,600436,13:46:36,1,59.64,1,5964
2015-12-15,600436,13:46:31,2,59.65,39,232635
2015-12-15,600436,13:46:26,2,59.65,23,137195
2015-12-15,600436,13:46:16,2,59.65,4,23860
2015-12-15,600436,13:46:11,2,59.65,2,11930
2015-12-15,600436,13:46:01,2,59.65,30,178950
2015-12-15,600436,13:45:41,1,59.62,39,232518
2015-12-15,600436,13:45:36,2,59.65,22,131230
2015-12-15,600436,13:45:31,2,59.64,35,208740
2015-12-15,600436,13:45:26,1,59.63,9,53667
2015-12-15,600436,13:45:11,2,59.64,1,5964
2015-12-15,600436,13:45:06,1,59.62,29,172898
2015-12-15,600436,13:44:56,2,59.62,1,5962
2015-12-15,600436,13:44:51,2,59.62,10,59620
2015-12-15,600436,13:44:46,1,59.6,5,29800
2015-12-15,600436,13:44:36,2,59.62,14,83468
2015-12-15,600436,13:44:26,2,59.6,7,41720
2015-12-15,600436,13:44:21,2,59.59,15,89385
2015-12-15,600436,13:44:11,1,59.55,17,101235
2015-12-15,600436,13:43:56,2,59.57,2,11914
2015-12-15,600436,13:43:51,1,59.54,30,178620
2015-12-15,600436,13:43:41,1,59.54,1,5954
2015-12-15,600436,13:43:35,2,59.54,72,432855
2015-12-15,600436,13:43:30,0,59.53,1,5953
2015-12-15,600436,13:43:30,1,59.51,40,238040
2015-12-15,600436,13:43:20,2,59.54,4,23816
2015-12-15,600436,13:43:15,1,59.51,26,154726
2015-12-15,600436,13:43:10,0,59.52,13,77376
2015-12-15,600436,13:43:05,0,59.54,7,41678
2015-12-15,600436,13:43:00,2,59.55,38,226290
2015-12-15,600436,13:42:50,2,59.55,12,71460
2015-12-15,600436,13:42:45,0,59.57,35,208495
2015-12-15,600436,13:42:20,2,59.59,1,5959
2015-12-15,600436,13:42:15,0,59.51,2,11902
2015-12-15,600436,13:42:10,1,59.5,36,214200
2015-12-15,600436,13:42:00,2,59.61,32,190752
2015-12-15,600436,13:41:55,2,59.6,24,143040
2015-12-15,600436,13:41:50,2,59.6,2,11920
2015-12-15,600436,13:41:45,2,59.6,10,59600
2015-12-15,600436,13:41:40,1,59.6,39,232440
2015-12-15,600436,13:41:35,1,59.62,7,41734
2015-12-15,600436,13:41:30,2,59.64,10,59640
2015-12-15,600436,13:41:20,1,59.63,16,95408
2015-12-15,600436,13:41:10,2,59.65,7,41755
2015-12-15,600436,13:41:05,2,59.65,5,29825
2015-12-15,600436,13:40:55,1,59.65,15,89475
2015-12-15,600436,13:40:50,2,59.71,16,95536
2015-12-15,600436,13:40:35,2,59.71,11,65681
2015-12-15,600436,13:40:25,2,59.71,5,29855
2015-12-15,600436,13:40:20,1,59.71,5,29855
2015-12-15,600436,13:40:15,1,59.71,8,47768
2015-12-15,600436,13:40:15,2,59.71,4,23884
2015-12-15,600436,13:40:05,1,59.7,49,292530
2015-12-15,600436,13:39:55,1,59.71,48,286608
2015-12-15,600436,13:39:50,0,59.73,32,191136
2015-12-15,600436,13:39:35,1,59.71,15,89565
2015-12-15,600436,13:39:30,2,59.75,6,35850
2015-12-15,600436,13:39:25,0,59.73,1,5973
2015-12-15,600436,13:39:15,2,59.75,38,227050
2015-12-15,600436,13:38:55,1,59.71,41,244811
2015-12-15,600436,13:38:50,2,59.77,6,35862
2015-12-15,600436,13:38:45,1,59.75,4,23900
2015-12-15,600436,13:38:35,1,59.77,13,77701
2015-12-15,600436,13:38:30,2,59.78,2,11956
2015-12-15,600436,13:38:25,2,59.78,3,17934
2015-12-15,600436,13:38:25,2,59.78,1,5978
2015-12-15,600436,13:38:15,1,59.77,29,173333
2015-12-15,600436,13:38:10,1,59.78,4,23912
2015-12-15,600436,13:38:00,1,59.78,9,53802
2015-12-15,600436,13:37:55,2,59.78,34,203252
2015-12-15,600436,13:37:45,1,59.77,12,71724
2015-12-15,600436,13:37:30,2,59.82,14,83748
2015-12-15,600436,13:37:25,1,59.8,4,23920
2015-12-15,600436,13:37:20,1,59.81,5,29905
2015-12-15,600436,13:37:15,1,59.81,10,59810
2015-12-15,600436,13:37:10,0,59.82,2,11964
2015-12-15,600436,13:37:05,1,59.81,18,107658
2015-12-15,600436,13:36:55,2,59.86,7,41902
2015-12-15,600436,13:36:40,1,59.86,16,95776
2015-12-15,600436,13:36:25,1,59.88,36,215568
2015-12-15,600436,13:36:10,0,59.89,3,17967
2015-12-15,600436,13:36:05,1,59.88,6,35928
2015-12-15,600436,13:35:55,1,59.88,39,233532
2015-12-15,600436,13:35:50,1,59.88,26,155688
2015-12-15,600436,13:35:40,1,59.9,25,149750
2015-12-15,600436,13:35:35,1,59.9,3,17970
2015-12-15,600436,13:35:30,1,59.9,2,11980
2015-12-15,600436,13:35:25,1,59.9,7,41930
2015-12-15,600436,13:35:20,1,59.9,15,89850
2015-12-15,600436,13:35:10,2,59.91,8,47928
2015-12-15,600436,13:35:05,1,59.9,75,449250
2015-12-15,600436,13:34:55,1,59.91,2,11982
2015-12-15,600436,13:34:50,1,59.93,11,65923
2015-12-15,600436,13:34:40,2,59.95,3,17985
2015-12-15,600436,13:34:35,1,59.95,21,125895
2015-12-15,600436,13:34:30,2,59.97,4,23988
2015-12-15,600436,13:34:20,0,59.97,2,11994
2015-12-15,600436,13:34:05,1,59.97,3,17991
2015-12-15,600436,13:34:00,2,59.98,16,95968
2015-12-15,600436,13:33:50,2,59.98,6,35988
2015-12-15,600436,13:33:45,1,59.98,2,16434
2015-12-15,600436,13:33:40,2,59.99,11,65989
2015-12-15,600436,13:33:30,2,59.99,3,17997
2015-12-15,600436,13:33:25,1,59.98,36,215928
2015-12-15,600436,13:33:05,1,59.98,9,53982
2015-12-15,600436,13:33:00,2,60.0,4,24000
2015-12-15,600436,13:32:55,2,60.0,6,36000
2015-12-15,600436,13:32:44,1,59.99,2,11998
2015-12-15,600436,13:32:39,2,60.0,4,24000
2015-12-15,600436,13:32:29,2,60.0,14,84000
2015-12-15,600436,13:32:24,1,60.0,31,191400
2015-12-15,600436,13:32:14,2,60.01,13,78013
2015-12-15,600436,13:32:04,1,60.01,3,18003
2015-12-15,600436,13:31:59,2,60.03,17,102051
2015-12-15,600436,13:31:44,2,60.03,8,48024
2015-12-15,600436,13:31:34,1,60.01,30,180030
2015-12-15,600436,13:31:29,2,60.03,2,12006
2015-12-15,600436,13:31:19,1,60.06,27,162762
2015-12-15,600436,13:31:04,1,60.08,77,462616
2015-12-15,600436,13:30:59,1,60.08,11,66088
2015-12-15,600436,13:30:54,1,60.08,10,60080
2015-12-15,600436,13:30:54,2,60.09,47,282423
2015-12-15,600436,13:30:44,1,60.08,63,378504
2015-12-15,600436,13:30:39,1,60.08,4,24032
2015-12-15,600436,13:30:29,2,60.08,7,42056
2015-12-15,600436,13:30:24,1,60.04,20,120080
2015-12-15,600436,13:30:24,1,60.05,2,12010
2015-12-15,600436,13:30:09,1,60.04,50,300200
2015-12-15,600436,13:29:54,2,60.05,10,60050
2015-12-15,600436,13:29:44,1,60.04,1,6004
2015-12-15,600436,13:29:39,1,60.04,6,36024
2015-12-15,600436,13:29:29,2,60.04,11,66044
2015-12-15,600436,13:29:24,1,59.99,4,23996
2015-12-15,600436,13:29:14,1,59.99,5,29995
2015-12-15,600436,13:29:09,0,60.0,13,78000
2015-12-15,600436,13:28:54,2,59.99,2,12237
2015-12-15,600436,13:28:39,2,60.0,9,54000
2015-12-15,600436,13:28:34,1,59.99,101,605899
2015-12-15,600436,13:28:19,1,60.0,2,12000
2015-12-15,600436,13:28:14,2,60.0,4,24000
2015-12-15,600436,13:28:09,2,60.0,5,30000
2015-12-15,600436,13:28:04,1,59.99,42,251958
2015-12-15,600436,13:27:49,2,60.0,3,18000
2015-12-15,600436,13:27:44,1,60.0,12,72000
2015-12-15,600436,13:27:29,2,60.0,2,12000
2015-12-15,600436,13:27:24,2,60.0,1,6000
2015-12-15,600436,13:27:19,2,60.0,8,48000
2015-12-15,600436,13:27:04,2,60.0,6,36000
2015-12-15,600436,13:26:54,2,60.0,16,96000
2015-12-15,600436,13:26:49,2,60.0,4,24000
2015-12-15,600436,13:26:44,1,59.98,23,137954
2015-12-15,600436,13:26:34,2,60.0,3,18000
2015-12-15,600436,13:26:29,2,60.0,12,72000
2015-12-15,600436,13:26:14,2,60.0,1,6000
2015-12-15,600436,13:26:09,2,60.0,37,222000
2015-12-15,600436,13:25:59,2,60.0,8,48000
2015-12-15,600436,13:25:49,1,59.99,13,77987
2015-12-15,600436,13:25:44,1,59.99,3,17997
2015-12-15,600436,13:25:39,2,60.0,21,126000
2015-12-15,600436,13:25:29,2,60.0,11,66000
2015-12-15,600436,13:25:24,2,60.0,7,42000
2015-12-15,600436,13:25:14,1,59.99,3,17997
2015-12-15,600436,13:25:09,2,60.0,3,18000
2015-12-15,600436,13:25:04,1,59.98,3,17994
2015-12-15,600436,13:24:59,2,60.0,1,6000
2015-12-15,600436,13:24:54,2,60.0,3,18000
2015-12-15,600436,13:24:44,1,60.0,26,156000
2015-12-15,600436,13:24:29,2,60.01,3,18003
2015-12-15,600436,13:24:24,1,60.0,13,78000
2015-12-15,600436,13:24:09,0,60.01,2,12002
2015-12-15,600436,13:24:04,2,60.02,10,60020
2015-12-15,600436,13:23:54,2,60.02,19,114038
2015-12-15,600436,13:23:49,2,60.02,10,60020
2015-12-15,600436,13:23:39,2,60.02,13,78026
2015-12-15,600436,13:23:24,1,60.02,36,216072
2015-12-15,600436,13:23:09,2,60.03,5,30015
2015-12-15,600436,13:23:04,1,60.02,2,12004
2015-12-15,600436,13:23:04,0,60.02,3,18006
2015-12-15,600436,13:22:44,1,60.0,5,30000
2015-12-15,600436,13:22:39,2,60.01,3,18003
2015-12-15,600436,13:22:19,2,60.0,17,107940
2015-12-15,600436,13:22:09,2,60.0,27,162000
2015-12-15,600436,13:21:59,2,60.0,3,18000
2015-12-15,600436,13:21:54,1,59.99,22,131978
2015-12-15,600436,13:21:39,2,60.0,9,54000
2015-12-15,600436,13:21:34,1,59.99,18,107982
2015-12-15,600436,13:21:24,2,60.0,7,42000
2015-12-15,600436,13:21:19,2,60.0,15,91560
2015-12-15,600436,13:21:08,2,60.0,65,390000
2015-12-15,600436,13:21:08,2,60.0,5,30000
2015-12-15,600436,13:20:53,2,60.0,24,144000
2015-12-15,600436,13:20:43,1,60.0,29,174060
2015-12-15,600436,13:20:38,1,60.0,56,336000
2015-12-15,600436,13:20:33,2,60.08,21,126168
2015-12-15,600436,13:20:03,2,60.0,95,575940
2015-12-15,600436,13:19:53,1,59.98,9,53982
2015-12-15,600436,13:19:48,2,59.99,4,23996
2015-12-15,600436,13:19:38,1,59.99,10,59990
2015-12-15,600436,13:19:33,1,59.99,2,11998
2015-12-15,600436,13:19:18,2,59.99,22,131978
2015-12-15,600436,13:19:08,2,59.99,4,23996
2015-12-15,600436,13:19:03,0,59.99,18,107982
2015-12-15,600436,13:18:48,1,59.98,19,113962
2015-12-15,600436,13:18:43,1,59.98,7,41986
2015-12-15,600436,13:18:38,2,59.99,1,5999
2015-12-15,600436,13:18:33,1,59.99,3,17997
2015-12-15,600436,13:18:28,0,59.99,7,41993
2015-12-15,600436,13:18:18,1,59.97,8,49955
2015-12-15,600436,13:18:13,2,60.0,4,24000
2015-12-15,600436,13:18:03,2,59.98,24,143952
2015-12-15,600436,13:17:48,1,59.97,11,65967
2015-12-15,600436,13:17:43,2,59.98,7,41986
2015-12-15,600436,13:17:28,1,59.96,16,95936
2015-12-15,600436,13:17:23,2,59.96,12,71952
2015-12-15,600436,13:17:13,2,59.96,66,395736
2015-12-15,600436,13:17:08,1,59.96,35,209860
2015-12-15,600436,13:16:58,2,60.0,53,318000
2015-12-15,600436,13:16:43,1,59.99,14,83986
2015-12-15,600436,13:16:38,1,60.0,58,348000
2015-12-15,600436,13:16:33,1,60.01,8,48008
2015-12-15,600436,13:16:23,0,60.01,64,384064
2015-12-15,600436,13:16:13,1,60.08,3,22469
2015-12-15,600436,13:16:08,0,60.09,252,1515830
2015-12-15,600436,13:15:58,1,60.11,1,10459
2015-12-15,600436,13:15:53,1,60.11,1,6011
2015-12-15,600436,13:15:48,1,60.11,8,49590
2015-12-15,600436,13:15:38,2,60.11,5,30115
2015-12-15,600436,13:15:33,1,60.11,53,318583
2015-12-15,600436,13:15:23,2,60.16,11,66176
2015-12-15,600436,13:15:08,2,60.16,2,12032
2015-12-15,600436,13:15:03,1,60.15,12,72180
2015-12-15,600436,13:14:53,1,60.16,112,674814
2015-12-15,600436,13:14:38,2,60.17,3,18051
2015-12-15,600436,13:14:33,1,60.16,3,18048
2015-12-15,600436,13:14:28,1,60.16,1,6016
2015-12-15,600436,13:14:18,2,60.18,4,24072
2015-12-15,600436,13:14:13,1,60.17,3,18051
2015-12-15,600436,13:14:08,2,60.18,4,24072
2015-12-15,600436,13:14:03,2,60.18,1,6018
2015-12-15,600436,13:13:48,1,60.18,18,108324
2015-12-15,600436,13:13:33,2,60.2,3,18060
2015-12-15,600436,13:13:28,2,60.2,10,60200
2015-12-15,600436,13:13:18,2,60.2,2,12040
2015-12-15,600436,13:13:13,1,60.18,3,18054
2015-12-15,600436,13:12:53,2,60.18,3,18054
2015-12-15,600436,13:12:48,1,60.16,12,72192
2015-12-15,600436,13:12:38,2,60.18,7,42126
2015-12-15,600436,13:12:28,1,60.16,18,108288
2015-12-15,600436,13:12:18,2,60.17,58,348986
2015-12-15,600436,13:12:08,1,60.16,5,30080
2015-12-15,600436,13:12:03,1,60.16,6,36096
2015-12-15,600436,13:11:53,1,60.17,58,348986
2015-12-15,600436,13:11:38,2,60.18,18,108324
2015-12-15,600436,13:11:23,1,60.17,20,120340
2015-12-15,600436,13:11:18,1,60.18,34,204612
2015-12-15,600436,13:11:03,1,60.18,6,36108
2015-12-15,600436,13:10:58,2,60.18,21,131372
2015-12-15,600436,13:10:48,1,60.17,9,54153
2015-12-15,600436,13:10:43,1,60.17,16,96272
2015-12-15,600436,13:10:33,1,60.17,11,66187
2015-12-15,600436,13:10:28,2,60.18,4,24072
2015-12-15,600436,13:10:18,2,60.18,3,18054
2015-12-15,600436,13:10:13,1,60.18,34,209667
2015-12-15,600436,13:10:03,1,60.18,7,43088
2015-12-15,600436,13:09:58,1,60.19,22,132418
2015-12-15,600436,13:09:48,1,60.18,10,60180
2015-12-15,600436,13:09:43,1,60.18,9,54162
2015-12-15,600436,13:09:28,1,60.18,11,66198
2015-12-15,600436,13:09:18,2,60.2,3,18060
2015-12-15,600436,13:09:13,1,60.2,3,18060
2015-12-15,600436,13:09:08,1,60.22,6,36132
2015-12-15,600436,13:08:57,1,60.21,2,12042
2015-12-15,600436,13:08:42,0,60.27,18,108486
2015-12-15,600436,13:08:27,2,60.28,3,18084
2015-12-15,600436,13:08:22,1,60.28,27,162756
2015-12-15,600436,13:08:17,2,60.3,2,12060
2015-12-15,600436,13:08:12,1,60.3,22,132660
2015-12-15,600436,13:08:07,2,60.32,8,48256
2015-12-15,600436,13:07:57,2,60.32,2,12064
2015-12-15,600436,13:07:47,2,60.32,3,18096
2015-12-15,600436,13:07:42,1,60.31,2,12062
2015-12-15,600436,13:07:37,1,60.31,7,42217
2015-12-15,600436,13:07:27,2,60.32,2,12064
2015-12-15,600436,13:07:22,1,60.32,4,24128
2015-12-15,600436,13:07:17,1,60.32,1,6032
2015-12-15,600436,13:07:07,1,60.31,11,66341
2015-12-15,600436,13:06:57,1,60.31,1,6031
2015-12-15,600436,13:06:52,2,60.34,22,132748
2015-12-15,600436,13:06:37,2,60.31,2,12062
2015-12-15,600436,13:06:22,2,60.31,4,24124
2015-12-15,600436,13:06:17,1,60.31,35,211085
2015-12-15,600436,13:06:07,0,60.32,1,6032
2015-12-15,600436,13:06:02,2,60.35,20,120700
2015-12-15,600436,13:05:47,1,60.31,6,36186
2015-12-15,600436,13:05:47,1,60.31,6,36186
2015-12-15,600436,13:05:37,1,60.34,18,108612
2015-12-15,600436,13:05:32,1,60.34,4,24136
2015-12-15,600436,13:05:22,2,60.34,60,362040
2015-12-15,600436,13:05:17,1,60.21,4,24084
2015-12-15,600436,13:05:07,2,60.28,3,18084
2015-12-15,600436,13:05:02,1,60.28,38,229064
2015-12-15,600436,13:04:57,2,60.31,3,18093
2015-12-15,600436,13:04:47,1,60.3,4,24120
2015-12-15,600436,13:04:42,1,60.3,1,6030
2015-12-15,600436,13:04:37,2,60.31,2,12062
2015-12-15,600436,13:04:32,2,60.31,13,78403
2015-12-15,600436,13:04:17,2,60.31,8,48248
2015-12-15,600436,13:04:02,2,60.31,1,6031
2015-12-15,600436,13:03:57,0,60.31,3,18093
2015-12-15,600436,13:03:47,1,60.31,3,18093
2015-12-15,600436,13:03:37,2,60.32,3,18096
2015-12-15,600436,13:03:32,1,60.32,18,108576
2015-12-15,600436,13:03:27,2,60.35,2,12070
2015-12-15,600436,13:03:07,1,60.32,1,6032
2015-12-15,600436,13:02:47,2,60.35,5,30175
2015-12-15,600436,13:02:42,0,60.34,12,72408
2015-12-15,600436,13:02:32,2,60.38,62,374356
2015-12-15,600436,13:02:27,2,60.35,11,71152
2015-12-15,600436,13:02:22,1,60.34,1,7301
2015-12-15,600436,13:02:07,0,60.34,1,6034
2015-12-15,600436,13:01:57,2,60.35,2,12070
2015-12-15,600436,13:01:47,1,60.33,15,90495
2015-12-15,600436,13:01:42,2,60.35,4,24140
2015-12-15,600436,13:01:37,0,60.33,1,6033
2015-12-15,600436,13:01:27,2,60.35,13,78455
2015-12-15,600436,13:01:17,2,60.35,4,24140
2015-12-15,600436,13:01:12,0,60.31,13,78403
2015-12-15,600436,13:00:57,2,60.35,44,265540
2015-12-15,600436,13:00:47,2,60.35,17,102595
2015-12-15,600436,13:00:42,1,60.33,51,308165
2015-12-15,600436,13:00:27,2,60.33,15,96045
2015-12-15,600436,13:00:17,2,60.29,2,12058
2015-12-15,600436,13:00:12,1,60.28,124,747472
2015-12-15,600436,11:30:00,1,60.3,10,60300
2015-12-15,600436,11:29:55,2,60.31,10,60310
2015-12-15,600436,11:29:45,1,60.31,24,149629
2015-12-15,600436,11:29:40,2,60.36,23,138828
2015-12-15,600436,11:29:30,2,60.37,63,380331
2015-12-15,600436,11:29:25,2,60.37,134,808958
2015-12-15,600436,11:29:04,1,60.36,21,126756
2015-12-15,600436,11:28:49,1,60.37,14,84518
2015-12-15,600436,11:28:29,1,60.38,13,78494
2015-12-15,600436,11:28:19,1,60.39,11,66429
2015-12-15,600436,11:28:14,2,60.4,32,193280
2015-12-15,600436,11:28:09,2,60.4,5,30200
2015-12-15,600436,11:28:04,1,60.39,13,78507
2015-12-15,600436,11:27:59,2,60.4,3,18120
2015-12-15,600436,11:27:44,2,60.4,25,151000
2015-12-15,600436,11:27:34,2,60.39,5,30195
2015-12-15,600436,11:27:29,2,60.39,91,549549
2015-12-15,600436,11:27:19,0,60.38,4,24152
2015-12-15,600436,11:27:09,0,60.39,25,150975
2015-12-15,600436,11:27:09,2,60.4,16,96640
2015-12-15,600436,11:26:59,1,60.39,7,42273
2015-12-15,600436,11:26:54,1,60.39,10,60390
2015-12-15,600436,11:26:49,1,60.39,25,150975
2015-12-15,600436,11:26:44,2,60.4,2,12080
2015-12-15,600436,11:26:39,1,60.39,14,84546
2015-12-15,600436,11:26:34,1,60.39,11,66429
2015-12-15,600436,11:26:29,2,60.4,4,24160
2015-12-15,600436,11:26:14,2,60.39,13,78507
2015-12-15,600436,11:26:09,2,60.39,6,36234
2015-12-15,600436,11:25:54,1,60.38,3,18114
2015-12-15,600436,11:25:49,2,60.42,130,785460
2015-12-15,600436,11:25:39,2,60.36,5,30180
2015-12-15,600436,11:25:34,2,60.36,6,36216
2015-12-15,600436,11:25:24,2,60.36,2,12072
2015-12-15,600436,11:25:19,2,60.35,37,227700
2015-12-15,600436,11:25:09,1,60.32,11,66352
2015-12-15,600436,11:25:04,2,60.32,55,331760
2015-12-15,600436,11:24:54,1,60.31,12,72372
2015-12-15,600436,11:24:49,1,60.31,6,36186
2015-12-15,600436,11:24:39,0,60.32,5,30160
2015-12-15,600436,11:24:34,1,60.31,24,144744
2015-12-15,600436,11:24:19,2,60.33,5,30165
2015-12-15,600436,11:24:09,2,60.33,15,90495
2015-12-15,600436,11:24:04,1,60.31,11,68089
2015-12-15,600436,11:23:54,1,60.31,15,90465
2015-12-15,600436,11:23:49,2,60.32,2,12064
2015-12-15,600436,11:23:44,0,60.33,6,36198
2015-12-15,600436,11:23:34,1,60.32,18,108576
2015-12-15,600436,11:23:29,1,60.32,4,24128
2015-12-15,600436,11:23:19,2,60.34,12,72408
2015-12-15,600436,11:23:14,2,60.34,40,241360
2015-12-15,600436,11:23:04,2,60.34,13,78442
2015-12-15,600436,11:22:59,1,60.3,15,90450
2015-12-15,600436,11:22:49,2,60.31,2,12062
2015-12-15,600436,11:22:44,2,60.35,65,396318
2015-12-15,600436,11:22:29,1,60.34,5,30170
2015-12-15,600436,11:22:14,1,60.34,15,90510
2015-12-15,600436,11:22:09,1,60.35,19,114665
2015-12-15,600436,11:21:59,0,60.35,4,24140
2015-12-15,600436,11:21:54,2,60.36,29,175044
2015-12-15,600436,11:21:49,2,60.36,2,12072
2015-12-15,600436,11:21:44,1,60.35,3,18105
2015-12-15,600436,11:21:39,0,60.35,3,18105
2015-12-15,600436,11:21:34,2,60.35,3,18105
2015-12-15,600436,11:21:24,1,60.33,4,24132
2015-12-15,600436,11:21:14,2,60.36,24,144864
2015-12-15,600436,11:21:09,2,60.34,1,6034
2015-12-15,600436,11:21:04,0,60.35,7,42245
2015-12-15,600436,11:20:49,2,60.36,2,12072
2015-12-15,600436,11:20:39,1,60.36,14,84504
2015-12-15,600436,11:20:34,1,60.36,2,12072
2015-12-15,600436,11:20:24,1,60.36,15,90540
2015-12-15,600436,11:20:19,2,60.38,3,18114
2015-12-15,600436,11:20:14,2,60.38,11,66418
2015-12-15,600436,11:20:09,1,60.37,6,36222
2015-12-15,600436,11:20:04,2,60.38,6,36228
2015-12-15,600436,11:19:54,2,60.38,5,30190
2015-12-15,600436,11:19:49,0,60.38,31,187178
2015-12-15,600436,11:19:39,2,60.39,4,24156
2015-12-15,600436,11:19:34,1,60.39,66,398574
2015-12-15,600436,11:19:14,1,60.4,75,453000
2015-12-15,600436,11:19:09,1,60.4,205,1238200
2015-12-15,600436,11:19:04,1,60.41,42,253722
2015-12-15,600436,11:18:54,1,60.41,2,12082
2015-12-15,600436,11:18:49,2,60.43,38,229634
2015-12-15,600436,11:18:44,2,60.43,6,36258
2015-12-15,600436,11:18:39,1,60.41,28,169148
2015-12-15,600436,11:18:29,1,60.41,13,78533
2015-12-15,600436,11:18:24,2,60.43,40,241720
2015-12-15,600436,11:18:14,1,60.4,15,90600
2015-12-15,600436,11:18:09,1,60.4,49,295960
2015-12-15,600436,11:17:54,1,60.4,27,163080
2015-12-15,600436,11:17:39,1,60.4,37,223480
2015-12-15,600436,11:17:34,2,60.4,163,984520
2015-12-15,600436,11:17:24,2,60.4,23,138920
2015-12-15,600436,11:17:19,2,60.4,15,90600
2015-12-15,600436,11:17:09,2,60.4,10,60400
2015-12-15,600436,11:17:04,0,60.36,108,651888
2015-12-15,600436,11:16:54,1,60.35,4,24140
2015-12-15,600436,11:16:43,2,60.35,25,150875
2015-12-15,600436,11:16:38,2,60.35,7,42245
2015-12-15,600436,11:16:33,1,60.35,157,947495
2015-12-15,600436,11:16:23,1,60.35,4,24140
2015-12-15,600436,11:16:18,1,60.35,4,24140
2015-12-15,600436,11:16:13,1,60.35,4,24140
2015-12-15,600436,11:16:08,2,60.35,66,398310
2015-12-15,600436,11:16:03,2,60.35,45,271575
2015-12-15,600436,11:15:53,1,60.33,7,42231
2015-12-15,600436,11:15:43,2,60.33,47,283551
2015-12-15,600436,11:15:33,2,60.32,38,231206
2015-12-15,600436,11:15:28,2,60.32,37,223184
2015-12-15,600436,11:15:18,2,60.31,18,108558
2015-12-15,600436,11:15:13,2,60.3,5,30150
2015-12-15,600436,11:15:08,1,60.3,19,114570
2015-12-15,600436,11:15:08,2,60.31,15,90465
2015-12-15,600436,11:14:58,1,60.3,8,48240
2015-12-15,600436,11:14:48,2,60.32,42,253344
2015-12-15,600436,11:14:43,2,60.3,51,307530
2015-12-15,600436,11:14:28,2,60.3,26,156780
2015-12-15,600436,11:14:23,1,60.29,2,12058
2015-12-15,600436,11:14:18,1,60.32,40,245623
2015-12-15,600436,11:14:08,2,60.32,18,110264
2015-12-15,600436,11:14:03,1,60.26,15,90390
2015-12-15,600436,11:13:58,2,60.32,78,470496
2015-12-15,600436,11:13:53,1,60.3,79,477696
2015-12-15,600436,11:13:38,2,60.32,45,272586
2015-12-15,600436,11:13:23,1,60.3,19,114570
2015-12-15,600436,11:13:13,1,60.3,19,115715
2015-12-15,600436,11:13:08,2,60.3,102,617472
2015-12-15,600436,11:12:53,2,60.3,1,6030
2015-12-15,600436,11:12:48,1,60.26,73,439898
2015-12-15,600436,11:12:38,2,60.27,71,427917
2015-12-15,600436,11:12:33,2,60.26,21,126546
2015-12-15,600436,11:12:23,1,60.24,5,35481
2015-12-15,600436,11:12:18,2,60.25,7,42175
2015-12-15,600436,11:12:13,2,60.25,38,228950
2015-12-15,600436,11:12:08,1,60.23,8,48184
2015-12-15,600436,11:12:03,2,60.25,75,451875
2015-12-15,600436,11:11:58,0,60.24,15,90360
2015-12-15,600436,11:11:53,1,60.24,2,12048
2015-12-15,600436,11:11:48,2,60.25,71,427775
2015-12-15,600436,11:11:38,2,60.25,86,518150
2015-12-15,600436,11:11:28,2,60.23,150,908690
2015-12-15,600436,11:11:23,1,60.22,18,108396
2015-12-15,600436,11:11:18,1,60.22,62,373364
2015-12-15,600436,11:11:08,2,60.22,8,48176
2015-12-15,600436,11:10:48,1,60.17,5,30085
2015-12-15,600436,11:10:43,2,60.23,14,85104
2015-12-15,600436,11:10:38,2,60.23,13,78299
2015-12-15,600436,11:10:33,0,60.23,19,114437
2015-12-15,600436,11:10:23,1,60.22,15,94424
2015-12-15,600436,11:10:18,2,60.23,2,12046
2015-12-15,600436,11:10:08,2,60.22,20,121584
2015-12-15,600436,11:10:03,1,60.21,30,185507
2015-12-15,600436,11:09:48,2,60.22,19,114418
2015-12-15,600436,11:09:38,2,60.22,2,12044
2015-12-15,600436,11:09:33,2,60.21,11,67374
2015-12-15,600436,11:09:23,1,60.15,5,30075
2015-12-15,600436,11:09:18,2,60.21,8,48168
2015-12-15,600436,11:09:13,1,60.21,33,203570
2015-12-15,600436,11:09:03,1,60.22,10,60220
2015-12-15,600436,11:08:58,1,60.22,13,78286
2015-12-15,600436,11:08:48,2,60.23,43,260133
2015-12-15,600436,11:08:43,1,60.21,12,72252
2015-12-15,600436,11:08:38,2,60.22,53,319166
2015-12-15,600436,11:08:33,1,60.21,20,120420
2015-12-15,600436,11:08:28,1,60.21,60,361260
2015-12-15,600436,11:08:18,2,60.22,10,60220
2015-12-15,600436,11:08:13,1,60.21,1,6021
2015-12-15,600436,11:08:03,2,60.21,25,150525
2015-12-15,600436,11:07:58,2,60.21,10,60210
2015-12-15,600436,11:07:43,2,60.21,159,957339
2015-12-15,600436,11:07:28,0,60.17,1,6017
2015-12-15,600436,11:07:13,1,60.16,3,18048
2015-12-15,600436,11:07:08,0,60.16,3,18048
2015-12-15,600436,11:06:43,1,60.15,2,12030
2015-12-15,600436,11:06:38,2,60.19,80,481520
2015-12-15,600436,11:06:28,1,60.14,125,751750
2015-12-15,600436,11:06:23,1,60.14,21,126294
2015-12-15,600436,11:06:13,2,60.15,10,60150
2015-12-15,600436,11:06:08,2,60.15,6,36090
2015-12-15,600436,11:05:53,2,60.15,10,60150
2015-12-15,600436,11:05:38,1,60.14,3,18042
2015-12-15,600436,11:05:33,2,60.14,56,336784
2015-12-15,600436,11:05:23,2,60.14,11,66154
2015-12-15,600436,11:05:18,2,60.14,14,84196
2015-12-15,600436,11:05:08,2,60.14,9,54126
2015-12-15,600436,11:05:03,2,60.14,6,36084
2015-12-15,600436,11:04:53,1,60.13,1,6013
2015-12-15,600436,11:04:48,1,60.14,28,168392
2015-12-15,600436,11:04:38,2,60.15,6,36090
2015-12-15,600436,11:04:33,2,60.15,24,144360
2015-12-15,600436,11:04:23,2,60.15,3,18045
2015-12-15,600436,11:04:18,2,60.15,4,24060
2015-12-15,600436,11:04:13,1,60.15,4,24060
2015-12-15,600436,11:04:02,0,60.15,2,12030
2015-12-15,600436,11:03:47,1,60.14,40,240560
2015-12-15,600436,11:03:32,1,60.14,20,120280
2015-12-15,600436,11:03:27,0,60.17,10,60170
2015-12-15,600436,11:03:17,2,60.2,14,84280
2015-12-15,600436,11:03:12,2,60.17,11,66187
2015-12-15,600436,11:02:57,2,60.17,2,12034
2015-12-15,600436,11:02:47,2,60.17,17,102289
2015-12-15,600436,11:02:42,1,60.17,6,39471
2015-12-15,600436,11:02:32,1,60.17,31,186527
2015-12-15,600436,11:02:22,0,60.18,10,60180
2015-12-15,600436,11:02:07,1,60.19,18,111592
2015-12-15,600436,11:01:57,1,60.19,2,12038
2015-12-15,600436,11:01:52,0,60.19,6,36114
2015-12-15,600436,11:01:42,1,60.17,18,108306
2015-12-15,600436,11:01:32,1,60.17,104,631183
2015-12-15,600436,11:01:27,1,60.17,35,210595
2015-12-15,600436,11:01:17,1,60.18,11,66198
2015-12-15,600436,11:01:12,1,60.18,17,102306
2015-12-15,600436,11:01:02,1,60.2,16,96320
2015-12-15,600436,11:00:57,1,60.2,1,6020
2015-12-15,600436,11:00:52,1,60.2,1,6020
2015-12-15,600436,11:00:47,0,60.2,9,54180
2015-12-15,600436,11:00:37,1,60.19,15,90285
2015-12-15,600436,11:00:32,2,60.2,1,6020
2015-12-15,600436,11:00:22,2,60.2,2,12040
2015-12-15,600436,11:00:17,2,60.2,5,30100
2015-12-15,600436,11:00:12,1,60.19,3,18057
2015-12-15,600436,10:59:57,2,60.2,4,24080
2015-12-15,600436,10:59:52,2,60.2,16,96320
2015-12-15,600436,10:59:47,2,60.2,8,48160
2015-12-15,600436,10:59:27,1,60.18,10,60180
2015-12-15,600436,10:59:17,2,60.21,29,174609
2015-12-15,600436,10:59:12,1,60.2,23,138460
2015-12-15,600436,10:58:57,2,60.21,12,72252
2015-12-15,600436,10:58:47,1,60.2,17,102340
2015-12-15,600436,10:58:42,2,60.21,28,168588
2015-12-15,600436,10:58:37,2,60.2,2,12040
2015-12-15,600436,10:58:32,2,60.21,102,614142
2015-12-15,600436,10:58:22,2,60.21,1,6021
2015-12-15,600436,10:58:22,1,60.19,6,36114
2015-12-15,600436,10:58:12,2,60.21,11,66231
2015-12-15,600436,10:58:07,0,60.19,1,6019
2015-12-15,600436,10:57:57,0,60.18,13,78234
2015-12-15,600436,10:57:52,2,60.21,37,222777
2015-12-15,600436,10:57:37,2,60.21,73,439533
2015-12-15,600436,10:57:22,1,60.15,14,84210
2015-12-15,600436,10:57:12,1,60.21,12,73275
2015-12-15,600436,10:57:07,2,60.21,287,1733024
2015-12-15,600436,10:56:57,0,60.15,22,132330
2015-12-15,600436,10:56:52,1,60.14,1,6014
2015-12-15,600436,10:56:47,2,60.18,5,30090
2015-12-15,600436,10:56:37,1,60.18,59,356085
2015-12-15,600436,10:56:32,2,60.19,56,337064
2015-12-15,600436,10:56:22,1,60.18,7,42126
2015-12-15,600436,10:56:16,2,60.19,5,30095
2015-12-15,600436,10:56:06,2,60.19,19,114361
2015-12-15,600436,10:55:56,1,60.19,18,108342
2015-12-15,600436,10:55:41,2,60.2,4,24080
2015-12-15,600436,10:55:21,2,60.2,32,192640
2015-12-15,600436,10:55:11,2,60.2,99,595980
2015-12-15,600436,10:54:51,1,60.2,18,108360
2015-12-15,600436,10:54:41,2,60.21,15,90315
2015-12-15,600436,10:54:36,2,60.21,22,132462
2015-12-15,600436,10:54:31,2,60.21,9,54189
2015-12-15,600436,10:54:21,2,60.21,1,6021
2015-12-15,600436,10:54:16,1,60.21,43,258903
2015-12-15,600436,10:54:01,1,60.2,1,6020
2015-12-15,600436,10:53:56,1,60.2,20,120400
2015-12-15,600436,10:53:51,1,60.2,10,60200
2015-12-15,600436,10:53:46,2,60.22,22,132484
2015-12-15,600436,10:53:36,2,60.21,4,24084
2015-12-15,600436,10:53:31,1,60.2,15,90300
2015-12-15,600436,10:53:21,2,60.21,16,96336
2015-12-15,600436,10:53:16,2,60.21,3,18063
2015-12-15,600436,10:53:01,2,60.2,154,927080
2015-12-15,600436,10:52:56,2,60.2,23,138460
2015-12-15,600436,10:52:46,1,60.18,59,355062
2015-12-15,600436,10:52:41,2,60.19,16,101299
2015-12-15,600436,10:52:36,2,60.19,6,36114
2015-12-15,600436,10:52:31,2,60.19,18,108342
2015-12-15,600436,10:52:26,2,60.19,11,66209
2015-12-15,600436,10:52:21,2,60.19,19,114361
2015-12-15,600436,10:52:16,2,60.19,3,18057
2015-12-15,600436,10:52:11,2,60.19,26,156494
2015-12-15,600436,10:52:01,1,60.13,18,108234
2015-12-15,600436,10:51:46,2,60.19,22,132418
2015-12-15,600436,10:51:41,1,60.13,41,246533
2015-12-15,600436,10:51:26,1,60.13,6,36078
2015-12-15,600436,10:51:11,1,60.13,3,18039
2015-12-15,600436,10:51:06,2,60.13,204,1230680
2015-12-15,600436,10:50:56,2,60.13,4,24052
2015-12-15,600436,10:50:41,0,60.12,12,72144
2015-12-15,600436,10:50:26,2,60.13,13,78169
2015-12-15,600436,10:50:21,1,60.12,53,318636
2015-12-15,600436,10:50:11,1,60.12,3,18036
2015-12-15,600436,10:50:06,1,60.12,1,6012
2015-12-15,600436,10:49:56,2,60.12,5,30060
2015-12-15,600436,10:49:51,1,60.1,2,14303
2015-12-15,600436,10:49:41,1,60.1,101,607010
2015-12-15,600436,10:49:36,0,60.12,11,66132
2015-12-15,600436,10:49:31,1,60.11,2,12022
2015-12-15,600436,10:49:21,2,60.13,45,270885
2015-12-15,600436,10:49:01,2,60.13,2,12026
2015-12-15,600436,10:48:56,2,60.13,7,42091
2015-12-15,600436,10:48:51,2,60.13,3,18039
2015-12-15,600436,10:48:46,2,60.13,16,97350
2015-12-15,600436,10:48:36,1,60.12,2,12024
2015-12-15,600436,10:48:31,2,60.13,16,100777
2015-12-15,600436,10:48:21,1,60.12,12,73586
2015-12-15,600436,10:48:16,1,60.12,9,54108
2015-12-15,600436,10:48:06,2,60.13,6,36078
2015-12-15,600436,10:48:01,1,60.12,12,73286
2015-12-15,600436,10:47:46,2,60.12,59,358134
2015-12-15,600436,10:47:41,1,60.1,4,24040
2015-12-15,600436,10:47:31,1,60.11,5,32639
2015-12-15,600436,10:47:26,1,60.12,5,30060
2015-12-15,600436,10:47:16,1,60.11,32,193494
2015-12-15,600436,10:47:01,1,60.11,0,1142
2015-12-15,600436,10:46:56,2,60.11,21,127373
2015-12-15,600436,10:46:46,1,60.1,4,24040
2015-12-15,600436,10:46:41,0,60.11,37,222407
2015-12-15,600436,10:46:16,2,60.12,29,174348
2015-12-15,600436,10:46:06,2,60.12,3,18036
2015-12-15,600436,10:45:51,1,60.1,3,18030
2015-12-15,600436,10:45:46,2,60.13,3,18039
2015-12-15,600436,10:45:36,2,60.13,2,12026
2015-12-15,600436,10:45:31,1,60.12,23,138276
2015-12-15,600436,10:45:21,1,60.12,7,42084
2015-12-15,600436,10:45:16,2,60.13,70,420910
2015-12-15,600436,10:45:01,1,60.13,102,618196
2015-12-15,600436,10:44:46,2,60.19,3,18057
2015-12-15,600436,10:44:35,2,60.19,22,132418
2015-12-15,600436,10:44:30,2,60.19,19,114361
2015-12-15,600436,10:44:25,0,60.19,18,108342
2015-12-15,600436,10:44:15,2,60.2,4,24080
2015-12-15,600436,10:44:10,1,60.19,4,24076
2015-12-15,600436,10:43:55,1,60.2,9,60019
2015-12-15,600436,10:43:45,2,60.2,56,337300
2015-12-15,600436,10:43:40,2,60.2,52,318879
2015-12-15,600436,10:43:30,1,60.19,16,96304
2015-12-15,600436,10:43:25,2,60.2,18,108540
2015-12-15,600436,10:43:15,2,60.19,11,66209
2015-12-15,600436,10:43:10,1,60.18,35,210630
2015-12-15,600436,10:42:55,2,60.19,57,343083
2015-12-15,600436,10:42:50,2,60.19,62,373178
2015-12-15,600436,10:42:40,1,60.16,1,6016
2015-12-15,600436,10:42:35,0,60.16,3,18048
2015-12-15,600436,10:42:30,1,60.15,0,1142
2015-12-15,600436,10:42:25,1,60.15,1,6015
2015-12-15,600436,10:42:20,2,60.15,19,115427
2015-12-15,600436,10:42:05,2,60.14,22,138021
2015-12-15,600436,10:41:55,1,60.13,9,55560
2015-12-15,600436,10:41:50,2,60.14,15,91352
2015-12-15,600436,10:41:35,2,60.13,43,264271
2015-12-15,600436,10:41:05,2,60.12,6,36072
2015-12-15,600436,10:41:00,2,60.12,63,379898
2015-12-15,600436,10:40:45,1,60.08,108,653730
2015-12-15,600436,10:40:35,2,60.13,13,78169
2015-12-15,600436,10:40:30,2,60.13,16,96208
2015-12-15,600436,10:40:20,2,60.12,11,66132
2015-12-15,600436,10:40:15,1,60.11,20,120220
2015-12-15,600436,10:40:00,2,60.13,19,114247
2015-12-15,600436,10:39:45,1,60.12,4,24048
2015-12-15,600436,10:39:35,1,60.12,3,18036
2015-12-15,600436,10:39:30,2,60.12,5,30060
2015-12-15,600436,10:39:25,0,60.11,4,24044
2015-12-15,600436,10:39:15,1,60.1,50,300500
2015-12-15,600436,10:39:10,2,60.12,88,529056
2015-12-15,600436,10:38:50,2,60.12,45,270540
2015-12-15,600436,10:38:45,1,60.1,9,54090
2015-12-15,600436,10:38:40,1,60.11,2,12022
2015-12-15,600436,10:38:30,2,60.11,12,72132
2015-12-15,600436,10:38:25,1,60.1,8,48080
2015-12-15,600436,10:38:20,2,60.11,9,54099
2015-12-15,600436,10:38:15,1,60.1,3,18030
2015-12-15,600436,10:38:10,2,60.11,15,90165
2015-12-15,600436,10:38:05,2,60.1,52,313661
2015-12-15,600436,10:37:55,1,60.1,15,95018
2015-12-15,600436,10:37:40,1,60.1,5,30050
2015-12-15,600436,10:37:35,2,60.12,30,180360
2015-12-15,600436,10:37:20,1,60.1,65,390650
2015-12-15,600436,10:37:05,2,60.12,3,18036
2015-12-15,600436,10:37:00,2,60.12,40,240480
2015-12-15,600436,10:36:55,1,60.11,45,273079
2015-12-15,600436,10:36:45,2,60.13,3,18039
2015-12-15,600436,10:36:40,2,60.12,9,57534
2015-12-15,600436,10:36:30,2,60.12,22,132264
2015-12-15,600436,10:36:15,2,60.12,11,66132
2015-12-15,600436,10:36:10,2,60.12,6,36072
2015-12-15,600436,10:36:00,2,60.12,1,6012
2015-12-15,600436,10:35:55,2,60.12,3,19178
2015-12-15,600436,10:35:45,2,60.12,2,12024
2015-12-15,600436,10:35:40,0,60.11,23,138253
2015-12-15,600436,10:35:25,1,60.12,15,92765
2015-12-15,600436,10:35:15,2,60.13,1,6013
2015-12-15,600436,10:35:10,1,60.12,14,85310
2015-12-15,600436,10:35:00,1,60.12,1,6012
2015-12-15,600436,10:34:55,2,60.13,19,116531
2015-12-15,600436,10:34:40,1,60.12,1,6012
2015-12-15,600436,10:34:35,2,60.12,15,90180
2015-12-15,600436,10:34:35,1,60.1,11,66110
2015-12-15,600436,10:34:25,2,60.12,2,12024
2015-12-15,600436,10:34:10,1,60.1,1,6010
2015-12-15,600436,10:33:55,2,60.1,2,12020
2015-12-15,600436,10:33:50,2,60.07,115,690805
2015-12-15,600436,10:33:40,1,60.06,32,192192
2015-12-15,600436,10:33:35,2,60.07,5,30035
2015-12-15,600436,10:33:35,2,60.07,3,18021
2015-12-15,600436,10:33:25,1,60.07,136,816952
2015-12-15,600436,10:33:20,2,60.1,26,156260
2015-12-15,600436,10:33:05,1,60.07,19,114133
2015-12-15,600436,10:32:55,1,60.07,21,126147
2015-12-15,600436,10:32:50,2,60.1,12,72120
2015-12-15,600436,10:32:40,2,60.08,18,108144
2015-12-15,600436,10:32:35,0,60.08,5,30040
2015-12-15,600436,10:32:25,1,60.07,40,240280
2015-12-15,600436,10:32:15,1,60.07,3,18021
2015-12-15,600436,10:32:05,1,60.12,11,66132
2015-12-15,600436,10:32:00,0,60.13,6,36078
2015-12-15,600436,10:31:50,2,60.14,11,66154
2015-12-15,600436,10:31:45,2,60.14,32,192448
2015-12-15,600436,10:31:35,2,60.14,2,12028
2015-12-15,600436,10:31:25,1,60.14,26,156364
2015-12-15,600436,10:31:20,2,60.17,42,252714
2015-12-15,600436,10:30:59,1,60.17,10,63178
2015-12-15,600436,10:30:44,1,60.18,27,165495
2015-12-15,600436,10:30:34,2,60.19,6,36114
2015-12-15,600436,10:30:29,1,60.19,27,162513
2015-12-15,600436,10:30:19,2,60.2,21,126420
2015-12-15,600436,10:30:14,0,60.2,13,78260
2015-12-15,600436,10:30:04,0,60.21,18,108378
2015-12-15,600436,10:29:59,1,60.19,47,282893
2015-12-15,600436,10:29:44,2,60.21,37,222777
2015-12-15,600436,10:29:34,2,60.21,5,30105
2015-12-15,600436,10:29:29,1,60.21,67,408284
2015-12-15,600436,10:29:19,2,60.22,8,48176
2015-12-15,600436,10:29:14,1,60.22,45,274482
2015-12-15,600436,10:28:59,1,60.22,57,343254
2015-12-15,600436,10:28:44,2,60.24,21,126504
2015-12-15,600436,10:28:39,1,60.23,101,609467
2015-12-15,600436,10:28:29,1,60.23,12,72276
2015-12-15,600436,10:28:24,2,60.23,81,487863
2015-12-15,600436,10:28:14,2,60.22,68,412025
2015-12-15,600436,10:28:09,2,60.22,96,578112
2015-12-15,600436,10:27:54,2,60.21,26,156546
2015-12-15,600436,10:27:39,1,60.2,7,42140
2015-12-15,600436,10:27:29,2,60.2,27,162540
2015-12-15,600436,10:27:24,2,60.2,151,909020
2015-12-15,600436,10:27:14,2,60.2,13,78260
2015-12-15,600436,10:27:09,2,60.2,7,42140
2015-12-15,600436,10:27:04,2,60.2,18,108360
2015-12-15,600436,10:26:54,2,60.2,1,6020
2015-12-15,600436,10:26:49,2,60.2,137,824740
2015-12-15,600436,10:26:39,2,60.19,30,180570
2015-12-15,600436,10:26:34,2,60.18,4,24072
2015-12-15,600436,10:26:24,1,60.16,7,42112
2015-12-15,600436,10:26:19,0,60.16,8,48128
2015-12-15,600436,10:26:04,1,60.15,175,1053406
2015-12-15,600436,10:25:54,2,60.17,29,174493
2015-12-15,600436,10:25:49,2,60.15,114,685710
2015-12-15,600436,10:25:34,2,60.14,48,288672
2015-12-15,600436,10:25:14,2,60.13,35,210455
2015-12-15,600436,10:25:04,2,60.12,12,72144
2015-12-15,600436,10:24:59,2,60.11,17,102187
2015-12-15,600436,10:24:49,2,60.11,3,18033
2015-12-15,600436,10:24:44,1,60.1,16,96160
2015-12-15,600436,10:24:34,2,60.1,41,251338
2015-12-15,600436,10:24:24,1,60.09,2,12018
2015-12-15,600436,10:24:19,2,60.09,80,480720
2015-12-15,600436,10:23:59,0,60.07,36,216252
2015-12-15,600436,10:23:29,0,60.06,3,18018
2015-12-15,600436,10:23:04,1,60.04,36,216144
2015-12-15,600436,10:22:54,1,60.04,1,6004
2015-12-15,600436,10:22:49,2,60.1,80,480800
2015-12-15,600436,10:22:39,2,60.04,3,18012
2015-12-15,600436,10:22:34,1,60.03,25,150075
2015-12-15,600436,10:22:19,2,60.03,14,86323
2015-12-15,600436,10:22:14,2,60.02,5,30010
2015-12-15,600436,10:22:04,1,60.02,2,15725
2015-12-15,600436,10:21:59,2,60.09,27,162243
2015-12-15,600436,10:21:49,1,60.03,14,85182
2015-12-15,600436,10:21:34,0,60.04,1,8285
2015-12-15,600436,10:21:19,0,60.08,2,12016
2015-12-15,600436,10:21:14,2,60.09,71,426639
2015-12-15,600436,10:21:04,1,60.07,15,90105
2015-12-15,600436,10:20:59,2,60.09,5,30045
2015-12-15,600436,10:20:54,2,60.09,5,30045
2015-12-15,600436,10:20:49,1,60.07,4,24028
2015-12-15,600436,10:20:44,2,60.08,26,156208
2015-12-15,600436,10:20:29,1,60.07,7,42049
2015-12-15,600436,10:20:24,1,60.08,12,72096
2015-12-15,600436,10:20:14,2,60.1,24,144240
2015-12-15,600436,10:20:09,2,60.09,52,312468
2015-12-15,600436,10:19:59,2,60.09,8,48072
2015-12-15,600436,10:19:54,2,60.09,10,60090
2015-12-15,600436,10:19:44,2,60.08,34,204272
2015-12-15,600436,10:19:39,2,60.07,9,54063
2015-12-15,600436,10:19:29,1,60.05,8,49060
2015-12-15,600436,10:19:24,2,60.06,30,180180
2015-12-15,600436,10:19:09,2,60.05,12,72060
2015-12-15,600436,10:18:54,1,60.03,1,6003
2015-12-15,600436,10:18:49,0,60.05,17,102085
2015-12-15,600436,10:18:39,1,60.02,42,252084
2015-12-15,600436,10:18:24,2,60.04,108,648432
2015-12-15,600436,10:18:09,2,60.02,16,99033
2015-12-15,600436,10:18:04,2,60.01,32,192032
2015-12-15,600436,10:17:54,2,60.0,24,144000
2015-12-15,600436,10:17:49,2,60.0,4,24000
2015-12-15,600436,10:17:39,1,60.0,107,642000
2015-12-15,600436,10:17:34,2,60.01,19,114019
2015-12-15,600436,10:17:18,1,60.0,21,126000
2015-12-15,600436,10:17:13,2,60.0,53,318000
2015-12-15,600436,10:17:03,2,60.0,6,36000
2015-12-15,600436,10:16:53,1,60.0,14,84000
2015-12-15,600436,10:16:48,1,60.0,70,420000
2015-12-15,600436,10:16:43,2,60.01,38,228038
2015-12-15,600436,10:16:33,1,60.0,89,534000
2015-12-15,600436,10:16:18,2,60.03,5,30015
2015-12-15,600436,10:16:13,2,60.03,44,267133
2015-12-15,600436,10:15:58,2,60.03,10,60030
2015-12-15,600436,10:15:52,1,60.03,88,528264
2015-12-15,600436,10:15:47,1,60.06,1,6006
2015-12-15,600436,10:15:42,1,60.05,20,120100
2015-12-15,600436,10:15:36,2,60.08,2,12016
2015-12-15,600436,10:15:31,2,60.08,11,66088
2015-12-15,600436,10:15:26,1,60.03,34,204102
2015-12-15,600436,10:15:21,1,60.08,3,18024
2015-12-15,600436,10:15:16,1,60.02,2,12004
2015-12-15,600436,10:15:11,2,60.1,23,138230
2015-12-15,600436,10:15:06,1,60.02,17,105035
2015-12-15,600436,10:15:01,1,60.04,4,24016
2015-12-15,600436,10:14:56,1,60.02,3,18006
2015-12-15,600436,10:14:51,1,60.02,4,24008
2015-12-15,600436,10:14:36,2,60.1,2,12020
2015-12-15,600436,10:14:31,1,60.1,33,200012
2015-12-15,600436,10:14:26,1,60.1,16,96160
2015-12-15,600436,10:14:21,1,60.1,5,30050
2015-12-15,600436,10:14:16,0,60.11,44,264484
2015-12-15,600436,10:14:11,1,60.11,14,84154
2015-12-15,600436,10:14:06,0,60.11,2,12022
2015-12-15,600436,10:14:01,2,60.12,20,120240
2015-12-15,600436,10:13:56,2,60.12,12,72144
2015-12-15,600436,10:13:51,1,60.1,48,288480
2015-12-15,600436,10:13:46,1,60.12,3,22304
2015-12-15,600436,10:13:41,1,60.12,16,96192
2015-12-15,600436,10:13:36,1,60.12,22,132264
2015-12-15,600436,10:13:31,1,60.12,1,6012
2015-12-15,600436,10:13:26,0,60.13,13,78169
2015-12-15,600436,10:13:16,2,60.14,26,156364
2015-12-15,600436,10:13:11,1,60.14,11,68800
2015-12-15,600436,10:13:06,1,60.15,16,96240
2015-12-15,600436,10:13:01,1,60.15,5,30075
2015-12-15,600436,10:12:56,1,60.15,23,138345
2015-12-15,600436,10:12:51,1,60.14,13,78182
2015-12-15,600436,10:12:46,2,60.15,7,45473
2015-12-15,600436,10:12:41,1,60.14,112,673568
2015-12-15,600436,10:12:36,2,60.15,11,66165
2015-12-15,600436,10:12:31,1,60.14,70,420980
2015-12-15,600436,10:12:26,2,60.15,23,138345
2015-12-15,600436,10:12:21,1,60.14,5,30070
2015-12-15,600436,10:12:16,0,60.14,2,12028
2015-12-15,600436,10:12:11,2,60.15,22,132330
2015-12-15,600436,10:12:06,1,60.12,30,185590
2015-12-15,600436,10:12:01,2,60.15,7,42105
2015-12-15,600436,10:11:55,1,60.13,42,252546
2015-12-15,600436,10:11:50,1,60.13,0,5050
2015-12-15,600436,10:11:45,2,60.15,11,70495
2015-12-15,600436,10:11:40,1,60.14,7,47991
2015-12-15,600436,10:11:35,1,60.15,2,12030
2015-12-15,600436,10:11:30,2,60.15,13,83247
2015-12-15,600436,10:11:25,2,60.14,7,43180
2015-12-15,600436,10:11:20,1,60.13,19,114247
2015-12-15,600436,10:11:15,2,60.15,8,48120
2015-12-15,600436,10:11:10,2,60.15,8,53292
2015-12-15,600436,10:11:05,1,60.12,13,78156
2015-12-15,600436,10:11:00,2,60.15,25,154705
2015-12-15,600436,10:10:55,1,60.11,39,237915
2015-12-15,600436,10:10:50,2,60.12,18,108216
2015-12-15,600436,10:10:45,1,60.12,11,66132
2015-12-15,600436,10:10:40,1,60.12,3,18036
2015-12-15,600436,10:10:35,2,60.15,12,72180
2015-12-15,600436,10:10:30,1,60.11,1,6011
2015-12-15,600436,10:10:25,1,60.11,41,246451
2015-12-15,600436,10:10:15,1,60.11,4,24044
2015-12-15,600436,10:10:10,2,60.15,90,541350
2015-12-15,600436,10:09:55,1,60.11,31,186341
2015-12-15,600436,10:09:40,2,60.11,74,444814
2015-12-15,600436,10:09:30,1,60.06,2,12012
2015-12-15,600436,10:09:25,2,60.1,22,132220
2015-12-15,600436,10:09:20,1,60.1,26,156260
2015-12-15,600436,10:09:15,1,60.11,17,102187
2015-12-15,600436,10:09:05,1,60.11,16,96176
2015-12-15,600436,10:09:00,1,60.11,15,90165
2015-12-15,600436,10:08:50,2,60.17,99,595683
2015-12-15,600436,10:08:45,1,60.11,53,324173
2015-12-15,600436,10:08:35,2,60.18,21,126378
2015-12-15,600436,10:08:30,1,60.17,53,318901
2015-12-15,600436,10:08:20,1,60.17,15,90255
2015-12-15,600436,10:08:14,1,60.17,4,24068
2015-12-15,600436,10:08:09,2,60.17,13,78642
2015-12-15,600436,10:08:04,1,60.17,12,77799
2015-12-15,600436,10:07:59,1,60.17,39,234663
2015-12-15,600436,10:07:54,2,60.18,25,152616
2015-12-15,600436,10:07:49,1,60.17,8,48136
2015-12-15,600436,10:07:44,1,60.17,41,246697
2015-12-15,600436,10:07:39,2,60.19,5,30095
2015-12-15,600436,10:07:34,1,60.18,36,216648
2015-12-15,600436,10:07:29,1,60.19,10,60190
2015-12-15,600436,10:07:24,2,60.2,20,120400
2015-12-15,600436,10:07:19,2,60.2,1,6020
2015-12-15,600436,10:07:14,1,60.19,5,30095
2015-12-15,600436,10:07:09,1,60.2,18,108360
2015-12-15,600436,10:07:04,1,60.2,5,30100
2015-12-15,600436,10:06:59,1,60.21,20,120420
2015-12-15,600436,10:06:54,1,60.21,29,174609
2015-12-15,600436,10:06:49,2,60.24,19,114456
2015-12-15,600436,10:06:44,2,60.26,50,301300
2015-12-15,600436,10:06:39,1,60.23,1,6023
2015-12-15,600436,10:06:34,1,60.23,24,144552
2015-12-15,600436,10:06:29,2,60.26,33,198858
2015-12-15,600436,10:06:24,1,60.26,11,70142
2015-12-15,600436,10:06:19,2,60.27,10,60270
2015-12-15,600436,10:06:14,2,60.27,3,18081
2015-12-15,600436,10:06:09,1,60.26,4,24104
2015-12-15,600436,10:06:04,2,60.3,12,72360
2015-12-15,600436,10:05:59,2,60.38,44,265672
2015-12-15,600436,10:05:54,1,60.27,51,307377
2015-12-15,600436,10:05:49,2,60.3,1,6030
2015-12-15,600436,10:05:44,1,60.29,21,126609
2015-12-15,600436,10:05:39,1,60.29,76,461218
2015-12-15,600436,10:05:34,1,60.3,20,120600
2015-12-15,600436,10:05:29,2,60.39,53,320067
2015-12-15,600436,10:05:24,1,60.39,44,265716
2015-12-15,600436,10:05:19,2,60.39,18,108702
2015-12-15,600436,10:05:14,1,60.33,20,120660
2015-12-15,600436,10:05:09,1,60.39,1,6039
2015-12-15,600436,10:05:04,1,60.39,46,277794
2015-12-15,600436,10:04:59,1,60.43,31,187333
2015-12-15,600436,10:04:54,1,60.44,129,779676
2015-12-15,600436,10:04:49,2,60.48,77,465696
2015-12-15,600436,10:04:44,1,60.46,31,187426
2015-12-15,600436,10:04:38,2,60.47,66,399102
2015-12-15,600436,10:04:33,0,60.44,12,72528
2015-12-15,600436,10:04:28,1,60.4,12,72480
2015-12-15,600436,10:04:23,2,60.44,32,193408
2015-12-15,600436,10:04:18,2,60.44,15,90660
2015-12-15,600436,10:04:13,1,60.4,3,18120
2015-12-15,600436,10:04:08,1,60.4,2,12080
2015-12-15,600436,10:04:03,2,60.45,18,108810
2015-12-15,600436,10:03:58,2,60.4,65,392600
2015-12-15,600436,10:03:53,2,60.39,32,193248
2015-12-15,600436,10:03:48,2,60.39,143,863577
2015-12-15,600436,10:03:43,1,60.35,2,12070
2015-12-15,600436,10:03:38,1,60.35,19,117682
2015-12-15,600436,10:03:33,2,60.36,52,313872
2015-12-15,600436,10:03:28,1,60.31,19,114589
2015-12-15,600436,10:03:23,1,60.31,25,150775
2015-12-15,600436,10:03:18,1,60.31,1,6031
2015-12-15,600436,10:03:13,0,60.33,53,319749
2015-12-15,600436,10:03:08,1,60.3,47,283410
2015-12-15,600436,10:03:03,1,60.3,13,78390
2015-12-15,600436,10:02:58,2,60.3,17,105525
2015-12-15,600436,10:02:53,2,60.29,180,1085220
2015-12-15,600436,10:02:48,1,60.28,1,6028
2015-12-15,600436,10:02:43,2,60.3,36,217080
2015-12-15,600436,10:02:38,1,60.29,5,30145
2015-12-15,600436,10:02:33,2,60.29,45,273475
2015-12-15,600436,10:02:28,1,60.25,38,228950
2015-12-15,600436,10:02:23,1,60.24,44,265056
2015-12-15,600436,10:02:18,2,60.26,62,373612
2015-12-15,600436,10:02:13,1,60.24,63,379512
2015-12-15,600436,10:02:08,2,60.25,62,373550
2015-12-15,600436,10:02:03,1,60.21,39,234819
2015-12-15,600436,10:01:58,2,60.24,44,265056
2015-12-15,600436,10:01:53,1,60.21,12,72252
2015-12-15,600436,10:01:48,2,60.24,15,90360
2015-12-15,600436,10:01:43,1,60.2,17,102340
2015-12-15,600436,10:01:38,0,60.21,6,36126
2015-12-15,600436,10:01:33,1,60.19,59,358130
2015-12-15,600436,10:01:28,0,60.24,37,222888
2015-12-15,600436,10:01:23,2,60.2,16,96320
2015-12-15,600436,10:01:18,1,60.2,40,240800
2015-12-15,600436,10:01:13,1,60.19,36,218971
2015-12-15,600436,10:01:08,1,60.19,12,72228
2015-12-15,600436,10:01:03,2,60.2,24,144480
2015-12-15,600436,10:00:58,2,60.2,60,361200
2015-12-15,600436,10:00:52,1,60.17,29,174493
2015-12-15,600436,10:00:47,1,60.17,38,228646
2015-12-15,600436,10:00:42,1,60.17,19,114323
2015-12-15,600436,10:00:37,2,60.18,49,299154
2015-12-15,600436,10:00:32,1,60.16,57,344656
2015-12-15,600436,10:00:27,2,60.17,20,120340
2015-12-15,600436,10:00:22,1,60.16,1,6016
2015-12-15,600436,10:00:17,1,60.16,6,36096
2015-12-15,600436,10:00:12,2,60.16,38,232879
2015-12-15,600436,10:00:07,1,60.03,29,174087
2015-12-15,600436,10:00:02,2,60.1,26,156260
2015-12-15,600436,09:59:57,2,60.1,7,42070
2015-12-15,600436,09:59:52,1,60.1,19,114190
2015-12-15,600436,09:59:47,0,60.11,30,180330
2015-12-15,600436,09:59:42,1,60.1,29,174290
2015-12-15,600436,09:59:37,1,60.1,9,54090
2015-12-15,600436,09:59:32,1,60.1,9,54090
2015-12-15,600436,09:59:27,1,60.1,1,6010
2015-12-15,600436,09:59:22,2,60.1,10,60100
2015-12-15,600436,09:59:17,0,60.1,31,186310
2015-12-15,600436,09:59:07,2,60.2,6,36120
2015-12-15,600436,09:59:02,1,60.02,24,144048
2015-12-15,600436,09:58:57,1,60.2,23,138460
2015-12-15,600436,09:58:52,0,60.25,30,180750
2015-12-15,600436,09:58:47,0,60.22,25,150550
2015-12-15,600436,09:58:42,1,60.2,88,529760
2015-12-15,600436,09:58:37,1,60.26,62,373612
2015-12-15,600436,09:58:32,2,60.29,93,560697
2015-12-15,600436,09:58:27,1,60.26,79,476054
2015-12-15,600436,09:58:22,2,60.27,168,1012536
2015-12-15,600436,09:58:17,2,60.27,21,126567
2015-12-15,600436,09:58:12,1,60.27,28,168756
2015-12-15,600436,09:58:07,1,60.27,19,114513
2015-12-15,600436,09:58:02,1,60.29,10,60290
2015-12-15,600436,09:57:57,1,60.29,27,162783
2015-12-15,600436,09:57:52,1,60.29,6,36174
2015-12-15,600436,09:57:47,2,60.29,26,156754
2015-12-15,600436,09:57:42,2,60.27,14,84378
2015-12-15,600436,09:57:37,1,60.25,26,156650
2015-12-15,600436,09:57:32,1,60.25,8,48200
2015-12-15,600436,09:57:27,2,60.25,68,410423
2015-12-15,600436,09:57:22,1,60.22,23,138506
2015-12-15,600436,09:57:17,2,60.22,75,451650
2015-12-15,600436,09:57:11,1,60.2,51,307020
2015-12-15,600436,09:57:06,2,60.2,130,782600
2015-12-15,600436,09:57:01,2,60.2,26,156520
2015-12-15,600436,09:56:56,1,60.2,69,415380
2015-12-15,600436,09:56:51,2,60.2,140,842800
2015-12-15,600436,09:56:46,1,60.2,45,270900
2015-12-15,600436,09:56:41,2,60.23,63,379449
2015-12-15,600436,09:56:36,0,60.23,123,740829
2015-12-15,600436,09:56:31,1,60.2,35,210700
2015-12-15,600436,09:56:26,2,60.19,130,782470
2015-12-15,600436,09:56:21,1,60.12,68,408816
2015-12-15,600436,09:56:16,2,60.2,96,577920
2015-12-15,600436,09:56:11,1,60.05,11,66055
2015-12-15,600436,09:56:06,1,60.02,138,828276
2015-12-15,600436,09:56:01,2,60.02,24,144048
2015-12-15,600436,09:55:56,2,60.02,5,30010
2015-12-15,600436,09:55:51,2,60.0,564,3384000
2015-12-15,600436,09:55:46,2,59.9,2,11980
2015-12-15,600436,09:55:41,2,59.89,25,151401
2015-12-15,600436,09:55:36,2,59.89,204,1221756
2015-12-15,600436,09:55:31,2,59.75,82,489950
2015-12-15,600436,09:55:21,2,59.56,4,23824
2015-12-15,600436,09:55:16,2,59.5,236,1404200
2015-12-15,600436,09:55:11,2,59.39,31,184109
2015-12-15,600436,09:55:06,2,59.37,165,982751
2015-12-15,600436,09:55:01,0,59.29,9,53361
2015-12-15,600436,09:54:51,2,59.3,50,296500
2015-12-15,600436,09:54:46,2,59.29,3,17787
2015-12-15,600436,09:54:41,2,59.24,1,5924
2015-12-15,600436,09:54:36,1,59.23,1,5923
2015-12-15,600436,09:54:31,1,59.23,1,5923
2015-12-15,600436,09:54:21,1,59.2,5,29600
2015-12-15,600436,09:54:16,2,59.23,4,23692
2015-12-15,600436,09:54:11,1,59.2,50,296000
2015-12-15,600436,09:54:01,2,59.28,50,296400
2015-12-15,600436,09:53:56,2,59.24,1,5924
2015-12-15,600436,09:53:51,2,59.21,2,11842
2015-12-15,600436,09:53:46,1,59.2,2,11840
2015-12-15,600436,09:53:41,2,59.21,6,35526
2015-12-15,600436,09:53:36,1,59.2,2,11840
2015-12-15,600436,09:53:30,1,59.2,1,5920
2015-12-15,600436,09:53:20,0,59.2,8,47360
2015-12-15,600436,09:53:15,1,59.18,13,76934
2015-12-15,600436,09:53:10,1,59.18,7,41426
2015-12-15,600436,09:53:05,2,59.2,2,11840
2015-12-15,600436,09:53:00,1,59.18,2,11836
2015-12-15,600436,09:52:55,0,59.19,61,361059
2015-12-15,600436,09:52:45,2,59.2,60,355200
2015-12-15,600436,09:52:40,2,59.19,11,65109
2015-12-15,600436,09:52:35,1,59.18,7,41426
2015-12-15,600436,09:52:30,1,59.18,2,11836
2015-12-15,600436,09:52:25,1,59.18,50,295900
2015-12-15,600436,09:52:20,1,59.18,27,159786
2015-12-15,600436,09:52:05,2,59.19,5,29595
2015-12-15,600436,09:52:00,1,59.18,10,59180
2015-12-15,600436,09:51:55,2,59.2,40,236800
2015-12-15,600436,09:51:45,1,59.18,31,183458
2015-12-15,600436,09:51:35,1,59.19,10,59190
2015-12-15,600436,09:51:25,2,59.2,1,5920
2015-12-15,600436,09:51:15,0,59.19,5,29595
2015-12-15,600436,09:51:00,1,59.21,48,284208
2015-12-15,600436,09:50:50,2,59.21,2,11842
2015-12-15,600436,09:50:45,1,59.2,14,82880
2015-12-15,600436,09:50:35,1,59.2,13,76960
2015-12-15,600436,09:50:30,0,59.21,7,41447
2015-12-15,600436,09:50:15,1,59.2,11,65120
2015-12-15,600436,09:50:05,1,59.24,8,47392
2015-12-15,600436,09:50:00,2,59.24,18,106632
2015-12-15,600436,09:49:55,2,59.23,25,148075
2015-12-15,600436,09:49:49,1,59.2,14,82880
2015-12-15,600436,09:49:44,1,59.24,7,41468
2015-12-15,600436,09:49:39,2,59.24,16,94784
2015-12-15,600436,09:49:29,1,59.2,5,29600
2015-12-15,600436,09:49:24,1,59.2,5,29600
2015-12-15,600436,09:49:19,0,59.24,5,29620
2015-12-15,600436,09:49:04,1,59.24,1,5924
2015-12-15,600436,09:48:54,1,59.24,11,65164
2015-12-15,600436,09:48:49,2,59.24,30,177720
2015-12-15,600436,09:48:44,1,59.18,20,118360
2015-12-15,600436,09:48:39,2,59.2,5,29600
2015-12-15,600436,09:48:34,2,59.2,15,88800
2015-12-15,600436,09:48:29,2,59.2,25,148000
2015-12-15,600436,09:48:24,0,59.2,1,5920
2015-12-15,600436,09:48:19,1,59.18,20,118360
2015-12-15,600436,09:48:14,1,59.2,5,29600
2015-12-15,600436,09:48:09,2,59.2,49,291027
2015-12-15,600436,09:48:04,2,59.2,39,230880
2015-12-15,600436,09:47:59,1,59.18,1,5918
2015-12-15,600436,09:47:54,2,59.19,3,17757
2015-12-15,600436,09:47:49,1,59.19,25,147975
2015-12-15,600436,09:47:44,2,59.2,1,5920
2015-12-15,600436,09:47:39,2,59.2,4,23680
2015-12-15,600436,09:47:34,2,59.2,2,11840
2015-12-15,600436,09:47:29,1,59.19,10,59190
2015-12-15,600436,09:47:24,1,59.19,2,11838
2015-12-15,600436,09:47:19,2,59.19,63,372897
2015-12-15,600436,09:47:14,1,59.18,4,23672
2015-12-15,600436,09:47:04,2,59.19,17,100623
2015-12-15,600436,09:46:59,1,59.15,42,248430
2015-12-15,600436,09:46:54,1,59.15,2,11830
2015-12-15,600436,09:46:44,2,59.2,1,5920
2015-12-15,600436,09:46:39,1,59.15,5,29575
2015-12-15,600436,09:46:34,1,59.2,0,2012
2015-12-15,600436,09:46:29,2,59.2,12,74947
2015-12-15,600436,09:46:24,2,59.2,60,355200
2015-12-15,600436,09:46:19,1,59.2,4,25692
2015-12-15,600436,09:46:14,1,59.2,2,11840
2015-12-15,600436,09:46:08,1,59.2,25,148000
2015-12-15,600436,09:46:03,2,59.24,5,29620
2015-12-15,600436,09:45:58,1,59.2,10,59200
2015-12-15,600436,09:45:53,2,59.24,2,11848
2015-12-15,600436,09:45:48,1,59.2,13,76960
2015-12-15,600436,09:45:43,1,59.25,1,5925
2015-12-15,600436,09:45:38,2,59.25,25,148125
2015-12-15,600436,09:45:33,1,59.24,10,63149
2015-12-15,600436,09:45:13,1,59.24,31,183644
2015-12-15,600436,09:45:08,2,59.27,10,59270
2015-12-15,600436,09:45:03,2,59.28,122,723216
2015-12-15,600436,09:44:58,1,59.25,15,88875
2015-12-15,600436,09:44:53,1,59.25,10,59250
2015-12-15,600436,09:44:48,1,59.25,105,622125
2015-12-15,600436,09:44:43,1,59.26,45,266670
2015-12-15,600436,09:44:38,1,59.26,22,130372
2015-12-15,600436,09:44:33,1,59.27,3,17781
2015-12-15,600436,09:44:28,1,59.27,8,47416
2015-12-15,600436,09:44:23,2,59.3,3,17790
2015-12-15,600436,09:44:18,2,59.3,28,166040
2015-12-15,600436,09:44:13,2,59.32,31,183892
2015-12-15,600436,09:44:08,2,59.31,23,136413
2015-12-15,600436,09:44:03,1,59.3,6,35580
2015-12-15,600436,09:43:58,2,59.31,9,53379
2015-12-15,600436,09:43:53,2,59.31,3,17793
2015-12-15,600436,09:43:48,2,59.31,1,5931
2015-12-15,600436,09:43:43,2,59.31,5,29655
2015-12-15,600436,09:43:38,1,59.31,21,127338
2015-12-15,600436,09:43:33,1,59.31,3,17793
2015-12-15,600436,09:43:28,2,59.31,12,74315
2015-12-15,600436,09:43:23,2,59.31,12,71172
2015-12-15,600436,09:43:18,1,59.3,6,35580
2015-12-15,600436,09:43:13,1,59.3,27,160110
2015-12-15,600436,09:43:08,2,59.3,61,361730
2015-12-15,600436,09:43:03,1,59.27,50,296350
2015-12-15,600436,09:42:58,2,59.3,3,17790
2015-12-15,600436,09:42:51,2,59.3,32,189760
2015-12-15,600436,09:42:40,1,59.29,36,213444
2015-12-15,600436,09:42:25,1,59.29,22,130438
2015-12-15,600436,09:42:20,1,59.29,2,11858
2015-12-15,600436,09:42:15,2,59.29,11,65219
2015-12-15,600436,09:42:05,2,59.27,30,177810
2015-12-15,600436,09:41:55,2,59.27,15,88905
2015-12-15,600436,09:41:50,1,59.26,1,5926
2015-12-15,600436,09:41:45,1,59.26,36,213336
2015-12-15,600436,09:41:35,1,59.25,20,118500
2015-12-15,600436,09:41:30,2,59.31,67,397377
2015-12-15,600436,09:41:20,1,59.26,40,237040
2015-12-15,600436,09:41:05,2,59.27,47,278569
2015-12-15,600436,09:40:45,1,59.25,36,213300
2015-12-15,600436,09:40:30,2,59.25,54,319950
2015-12-15,600436,09:40:20,1,59.24,2,11848
2015-12-15,600436,09:40:15,2,59.25,57,337725
2015-12-15,600436,09:40:00,1,59.2,5,29600
2015-12-15,600436,09:39:55,1,59.2,4,23680
2015-12-15,600436,09:39:50,2,59.22,1,5922
2015-12-15,600436,09:39:45,2,59.21,7,41447
2015-12-15,600436,09:39:40,2,59.2,26,153920
2015-12-15,600436,09:39:40,2,59.2,11,65120
2015-12-15,600436,09:39:30,0,59.19,2,11838
2015-12-15,600436,09:39:25,2,59.2,24,142080
2015-12-15,600436,09:39:15,2,59.19,27,159813
2015-12-15,600436,09:39:10,1,59.15,10,59150
2015-12-15,600436,09:39:00,2,59.15,6,35490
2015-12-15,600436,09:38:55,2,59.15,12,70980
2015-12-15,600436,09:38:52,1,59.15,29,171535
2015-12-15,600436,09:38:36,2,59.15,28,165620
2015-12-15,600436,09:38:26,2,59.15,21,124215
2015-12-15,600436,09:38:21,2,59.11,12,70932
2015-12-15,600436,09:38:16,1,58.94,302,1779988
2015-12-15,600436,09:38:11,0,59.02,2,11804
2015-12-15,600436,09:38:06,1,59.0,1,5900
2015-12-15,600436,09:38:01,2,59.09,2,11818
2015-12-15,600436,09:37:56,2,59.15,2,11830
2015-12-15,600436,09:37:51,1,59.15,31,183365
2015-12-15,600436,09:37:46,2,59.2,84,497280
2015-12-15,600436,09:37:36,2,59.24,98,583987
2015-12-15,600436,09:37:31,1,59.2,11,65120
2015-12-15,600436,09:37:26,1,59.2,101,600880
2015-12-15,600436,09:37:21,2,59.28,50,296400
2015-12-15,600436,09:37:16,1,59.23,46,272458
2015-12-15,600436,09:37:11,2,59.3,35,207550
2015-12-15,600436,09:37:06,2,59.3,10,59300
2015-12-15,600436,09:37:01,0,59.28,3,17784
2015-12-15,600436,09:36:56,1,59.3,18,106740
2015-12-15,600436,09:36:51,2,59.33,64,379712
2015-12-15,600436,09:36:46,2,59.32,16,94912
2015-12-15,600436,09:36:41,1,59.3,24,142320
2015-12-15,600436,09:36:36,0,59.34,51,302634
2015-12-15,600436,09:36:31,2,59.35,28,166180
2015-12-15,600436,09:36:26,2,59.32,79,468628
2015-12-15,600436,09:36:21,1,59.3,23,136390
2015-12-15,600436,09:36:16,1,59.3,11,65230
2015-12-15,600436,09:36:11,0,59.3,11,65230
2015-12-15,600436,09:36:06,2,59.32,14,83048
2015-12-15,600436,09:36:01,1,59.23,14,82922
2015-12-15,600436,09:35:56,2,59.24,10,59240
2015-12-15,600436,09:35:51,2,59.24,2,11848
2015-12-15,600436,09:35:46,2,59.23,4,26179
2015-12-15,600436,09:35:41,1,59.2,18,109520
2015-12-15,600436,09:35:36,1,59.2,31,183520
2015-12-15,600436,09:35:31,2,59.2,32,189440
2015-12-15,600436,09:35:26,1,59.15,5,29575
2015-12-15,600436,09:35:21,2,59.2,21,124320
2015-12-15,600436,09:35:16,2,59.1,11,65010
2015-12-15,600436,09:35:11,0,59.06,3,17718
2015-12-15,600436,09:35:05,2,59.1,11,65010
2015-12-15,600436,09:35:00,1,59.0,34,200600
2015-12-15,600436,09:34:55,2,59.0,57,336300
2015-12-15,600436,09:34:50,1,58.9,21,123690
2015-12-15,600436,09:34:45,2,58.94,37,218078
2015-12-15,600436,09:34:40,1,58.87,18,105966
2015-12-15,600436,09:34:35,1,58.9,6,35340
2015-12-15,600436,09:34:30,2,58.92,10,58920
2015-12-15,600436,09:34:25,2,58.92,2,11784
2015-12-15,600436,09:34:20,1,58.88,11,64768
2015-12-15,600436,09:34:15,2,58.88,16,94208
2015-12-15,600436,09:34:10,2,58.87,15,88305
2015-12-15,600436,09:34:05,2,58.8,8,47040
2015-12-15,600436,09:34:00,2,58.79,9,52911
2015-12-15,600436,09:33:55,1,58.77,17,99909
2015-12-15,600436,09:33:50,2,58.79,12,70548
2015-12-15,600436,09:33:45,0,58.78,15,88170
2015-12-15,600436,09:33:40,2,58.78,14,82292
2015-12-15,600436,09:33:35,1,58.77,1,5877
2015-12-15,600436,09:33:30,2,58.78,2,11756
2015-12-15,600436,09:33:25,2,58.77,45,264465
2015-12-15,600436,09:33:20,2,58.74,12,70488
2015-12-15,600436,09:33:15,1,58.73,23,135079
2015-12-15,600436,09:33:10,2,58.74,2,11748
2015-12-15,600436,09:33:05,1,58.73,2,11746
2015-12-15,600436,09:33:00,1,58.73,3,17619
2015-12-15,600436,09:32:55,2,58.72,2,11744
2015-12-15,600436,09:32:40,2,58.71,14,82194
2015-12-15,600436,09:32:30,2,58.71,2,11742
2015-12-15,600436,09:32:25,2,58.5,6,36153
2015-12-15,600436,09:32:20,1,58.55,97,567935
2015-12-15,600436,09:32:15,2,58.72,10,58720
2015-12-15,600436,09:32:10,1,58.55,5,29275
2015-12-15,600436,09:32:05,2,58.55,5,29275
2015-12-15,600436,09:31:55,2,58.55,1,5855
2015-12-15,600436,09:31:50,1,58.47,10,58470
2015-12-15,600436,09:31:30,2,58.55,1,5855
2015-12-15,600436,09:31:25,1,58.47,7,40929
2015-12-15,600436,09:31:19,2,58.47,66,385902
2015-12-15,600436,09:31:09,2,58.45,11,64295
2015-12-15,600436,09:31:04,2,58.45,1,5845
2015-12-15,600436,09:30:59,2,58.45,10,58450
2015-12-15,600436,09:30:54,1,58.45,9,52605
2015-12-15,600436,09:30:49,1,58.45,40,233800
2015-12-15,600436,09:30:44,1,58.45,7,40915
2015-12-15,600436,09:30:39,2,58.46,13,75998
2015-12-15,600436,09:30:34,1,58.45,7,40915
2015-12-15,600436,09:30:29,2,58.45,1,5845
2015-12-15,600436,09:30:09,1,58.39,9,52551
2015-12-15,600436,09:30:04,1,58.39,188,1097732
2015-12-15,600436,09:25:03,2,58.47,142,830274
2015-12-14,600436,15:00:00,1,58.47,7,40929
2015-12-14,600436,14:59:55,2,58.48,39,228072
2015-12-14,600436,14:59:50,1,58.47,9,52623
2015-12-14,600436,14:59:45,1,58.47,2,11694
2015-12-14,600436,14:59:40,2,58.47,16,93552
2015-12-14,600436,14:59:30,2,58.46,41,239686
2015-12-14,600436,14:59:15,1,58.45,11,64295
2015-12-14,600436,14:59:10,1,58.45,8,46760
2015-12-14,600436,14:58:55,2,58.46,12,70152
2015-12-14,600436,14:58:45,1,58.45,6,35070
2015-12-14,600436,14:58:40,1,58.45,15,87675
2015-12-14,600436,14:58:30,2,58.42,3,17526
2015-12-14,600436,14:58:25,2,58.41,5,29205
2015-12-14,600436,14:58:20,1,58.4,10,58400
2015-12-14,600436,14:58:10,2,58.41,30,175230
2015-12-14,600436,14:57:55,2,58.39,4,23356
2015-12-14,600436,14:57:50,1,58.38,9,52542
2015-12-14,600436,14:57:45,2,58.4,13,75920
2015-12-14,600436,14:57:40,2,58.4,17,99280
2015-12-14,600436,14:57:35,1,58.38,3,17514
2015-12-14,600436,14:57:25,2,58.39,9,52551
2015-12-14,600436,14:57:20,1,58.35,72,420120
2015-12-14,600436,14:57:10,1,58.35,5,31450
2015-12-14,600436,14:57:05,2,58.35,135,791926
2015-12-14,600436,14:56:50,1,58.3,36,209880
2015-12-14,600436,14:56:35,1,58.3,22,128260
2015-12-14,600436,14:56:30,1,58.3,63,367290
2015-12-14,600436,14:56:20,1,58.3,1,5830
2015-12-14,600436,14:56:15,1,58.3,5,29150
2015-12-14,600436,14:56:05,2,58.3,30,174900
2015-12-14,600436,14:55:50,2,58.3,13,75790
2015-12-14,600436,14:55:45,2,58.3,3,17490
2015-12-14,600436,14:55:35,0,58.29,3,17487
2015-12-14,600436,14:55:30,2,58.29,6,34974
2015-12-14,600436,14:55:20,2,58.29,28,163212
2015-12-14,600436,14:55:15,2,58.29,32,186528
2015-12-14,600436,14:55:00,1,58.25,1,5825
2015-12-14,600436,14:54:45,2,58.29,13,75777
2015-12-14,600436,14:54:30,1,58.29,102,594558
2015-12-14,600436,14:54:15,2,58.3,20,116600
2015-12-14,600436,14:54:10,2,58.3,3,17490
2015-12-14,600436,14:54:00,2,58.3,5,29150
2015-12-14,600436,14:53:45,2,58.3,13,75790
2015-12-14,600436,14:53:40,2,58.29,53,308937
2015-12-14,600436,14:53:30,1,58.24,1,5824
2015-12-14,600436,14:53:25,1,58.24,17,99008
2015-12-14,600436,14:53:10,0,58.29,7,40803
2015-12-14,600436,14:52:45,1,58.24,7,40768
2015-12-14,600436,14:52:40,0,58.3,3,17490
2015-12-14,600436,14:52:25,2,58.32,70,408240
2015-12-14,600436,14:52:20,0,58.3,1,5830
2015-12-14,600436,14:52:10,2,58.31,27,157437
2015-12-14,600436,14:51:55,2,58.23,40,232920
2015-12-14,600436,14:51:50,2,58.23,20,116460
2015-12-14,600436,14:51:30,2,58.23,5,29115
2015-12-14,600436,14:51:20,1,58.23,4,23292
2015-12-14,600436,14:51:15,2,58.34,113,659242
2015-12-14,600436,14:51:05,1,58.22,31,180482
2015-12-14,600436,14:50:55,2,58.25,9,52425
2015-12-14,600436,14:50:30,2,58.22,72,421629
2015-12-14,600436,14:50:25,2,58.2,2,11640
2015-12-14,600436,14:50:20,1,58.2,161,937020
2015-12-14,600436,14:50:10,1,58.2,102,593640
2015-12-14,600436,14:50:05,2,58.2,27,157140
2015-12-14,600436,14:49:55,1,58.19,36,209484
2015-12-14,600436,14:49:45,2,58.2,11,64020
2015-12-14,600436,14:49:30,1,58.2,150,873000
2015-12-14,600436,14:49:10,1,58.25,15,87375
2015-12-14,600436,14:48:55,2,58.26,5,29130
2015-12-14,600436,14:48:50,1,58.26,268,1561368
2015-12-14,600436,14:48:40,1,58.27,14,81578
2015-12-14,600436,14:48:34,0,58.27,1,5827
2015-12-14,600436,14:48:09,1,58.26,12,69912
2015-12-14,600436,14:48:04,1,58.26,12,69912
2015-12-14,600436,14:47:54,0,58.26,4,23304
2015-12-14,600436,14:47:49,1,58.24,35,203840
2015-12-14,600436,14:47:44,1,58.25,3,17475
2015-12-14,600436,14:47:34,2,58.26,3,17478
2015-12-14,600436,14:47:29,1,58.26,244,1421544
2015-12-14,600436,14:47:19,1,58.29,2,11658
2015-12-14,600436,14:47:14,2,58.3,7,40810
2015-12-14,600436,14:47:04,1,58.3,29,170702
2015-12-14,600436,14:46:59,1,58.33,23,134159
2015-12-14,600436,14:46:49,2,58.34,4,23336
2015-12-14,600436,14:46:44,2,58.33,63,367479
2015-12-14,600436,14:46:34,1,58.3,1,5830
2015-12-14,600436,14:46:29,2,58.33,4,23332
2015-12-14,600436,14:46:14,0,58.33,4,23332
2015-12-14,600436,14:46:04,1,58.3,1,5830
2015-12-14,600436,14:45:59,2,58.33,19,110827
2015-12-14,600436,14:45:49,2,58.33,1,5833
2015-12-14,600436,14:45:44,2,58.33,1,5833
2015-12-14,600436,14:45:39,2,58.3,11,68327
2015-12-14,600436,14:45:29,1,58.29,5,29145
2015-12-14,600436,14:45:24,2,58.3,16,93280
2015-12-14,600436,14:45:14,2,58.3,10,58300
2015-12-14,600436,14:45:09,2,58.3,25,145750
2015-12-14,600436,14:44:54,2,58.3,17,99110
2015-12-14,600436,14:44:39,2,58.3,15,90365
2015-12-14,600436,14:44:24,2,58.3,44,256520
2015-12-14,600436,14:44:14,1,58.28,41,238948
2015-12-14,600436,14:44:09,1,58.29,1,5829
2015-12-14,600436,14:44:04,2,58.3,63,367290
2015-12-14,600436,14:43:54,2,58.28,5,29140
2015-12-14,600436,14:43:39,2,58.28,5,29140
2015-12-14,600436,14:43:24,2,58.28,4,23312
2015-12-14,600436,14:43:19,1,58.25,6,34950
2015-12-14,600436,14:43:09,2,58.25,15,87375
2015-12-14,600436,14:43:04,2,58.25,54,314550
2015-12-14,600436,14:42:49,2,58.24,5,29120
2015-12-14,600436,14:42:39,1,58.22,6,34932
2015-12-14,600436,14:42:34,2,58.24,6,34944
2015-12-14,600436,14:42:19,2,58.22,75,436650
2015-12-14,600436,14:42:04,2,58.2,5,29100
2015-12-14,600436,14:41:49,2,58.2,4,23280
2015-12-14,600436,14:41:44,0,58.18,4,23272
2015-12-14,600436,14:41:29,2,58.2,7,40740
2015-12-14,600436,14:41:14,1,58.17,36,209412
2015-12-14,600436,14:41:04,1,58.17,8,46536
2015-12-14,600436,14:40:54,1,58.17,3,17451
2015-12-14,600436,14:40:49,2,58.23,12,69876
2015-12-14,600436,14:40:39,2,58.23,34,197982
2015-12-14,600436,14:40:34,1,58.17,6,34902
2015-12-14,600436,14:40:24,1,58.23,35,203805
2015-12-14,600436,14:40:19,2,58.23,15,87345
2015-12-14,600436,14:40:09,2,58.23,7,40761
2015-12-14,600436,14:40:04,2,58.23,9,52407
2015-12-14,600436,14:39:59,2,58.23,11,64053
2015-12-14,600436,14:39:54,1,58.15,47,273305
2015-12-14,600436,14:39:39,2,58.23,133,774459
2015-12-14,600436,14:39:19,1,58.19,5,29095
2015-12-14,600436,14:39:14,2,58.19,29,168751
2015-12-14,600436,14:39:04,1,58.15,10,58150
2015-12-14,600436,14:38:49,2,58.2,47,273540
2015-12-14,600436,14:38:44,2,58.19,4,23276
2015-12-14,600436,14:38:34,2,58.15,1,5815
2015-12-14,600436,14:38:29,0,58.15,4,23260
2015-12-14,600436,14:38:19,2,58.2,3,17460
2015-12-14,600436,14:38:14,1,58.07,29,168403
2015-12-14,600436,14:37:39,1,58.24,49,285376
2015-12-14,600436,14:37:29,1,58.24,28,163072
2015-12-14,600436,14:37:14,2,58.24,43,250432
2015-12-14,600436,14:36:59,0,58.06,1,5806
2015-12-14,600436,14:36:39,2,58.24,3,17472
2015-12-14,600436,14:36:29,1,58.03,1,5803
2015-12-14,600436,14:36:24,0,58.03,10,58030
2015-12-14,600436,14:36:09,2,58.01,79,458685
2015-12-14,600436,14:35:54,2,58.0,139,806200
2015-12-14,600436,14:35:39,2,58.0,8,46400
2015-12-14,600436,14:35:34,2,58.0,8,46400
2015-12-14,600436,14:35:24,2,58.0,44,255200
2015-12-14,600436,14:35:19,2,58.0,62,359600
2015-12-14,600436,14:35:19,2,58.0,14,81200
2015-12-14,600436,14:35:09,2,58.0,22,127600
2015-12-14,600436,14:35:04,1,58.0,47,277994
2015-12-14,600436,14:34:48,2,58.3,138,804540
2015-12-14,600436,14:34:33,1,58.25,2,11650
2015-12-14,600436,14:34:18,2,58.27,10,58270
2015-12-14,600436,14:34:13,1,58.24,42,244608
2015-12-14,600436,14:34:03,2,58.26,2,11652
2015-12-14,600436,14:33:58,2,58.26,2,11652
2015-12-14,600436,14:33:48,2,58.24,8,50727
2015-12-14,600436,14:33:43,1,58.22,5,29110
2015-12-14,600436,14:33:33,2,58.24,4,23296
2015-12-14,600436,14:33:18,2,58.24,16,93184
2015-12-14,600436,14:33:13,0,58.15,26,151190
2015-12-14,600436,14:32:58,1,58.1,6,34860
2015-12-14,600436,14:32:43,0,58.15,5,29075
2015-12-14,600436,14:32:33,1,58.2,8,46560
2015-12-14,600436,14:32:28,1,58.2,10,58200
2015-12-14,600436,14:32:23,1,58.2,1,5820
2015-12-14,600436,14:32:18,1,58.12,8,46496
2015-12-14,600436,14:32:08,2,58.24,127,739648
2015-12-14,600436,14:31:58,2,58.2,32,186240
2015-12-14,600436,14:31:53,2,58.19,33,192027
2015-12-14,600436,14:31:48,2,58.19,5,29095
2015-12-14,600436,14:31:43,1,58.17,11,63987
2015-12-14,600436,14:31:38,1,58.17,5,29085
2015-12-14,600436,14:31:23,0,58.17,16,93072
2015-12-14,600436,14:31:13,1,58.14,30,174420
2015-12-14,600436,14:31:08,0,58.15,25,145375
2015-12-14,600436,14:30:43,1,58.14,4,24709
2015-12-14,600436,14:30:33,1,58.2,6,36607
2015-12-14,600436,14:30:28,0,58.24,41,238784
2015-12-14,600436,14:30:18,2,58.2,17,103072
2015-12-14,600436,14:30:13,1,58.14,35,203490
2015-12-14,600436,14:29:58,2,58.19,2,11638
2015-12-14,600436,14:29:48,2,58.18,9,55503
2015-12-14,600436,14:29:43,1,58.15,12,69780
2015-12-14,600436,14:29:33,2,58.2,18,107437
2015-12-14,600436,14:29:28,2,58.2,9,55522
2015-12-14,600436,14:29:13,2,58.18,14,81452
2015-12-14,600436,14:29:08,1,58.14,7,40698
2015-12-14,600436,14:28:58,1,58.14,10,58140
2015-12-14,600436,14:28:53,2,58.19,3,17457
2015-12-14,600436,14:28:43,1,58.18,1,5818
2015-12-14,600436,14:28:38,1,58.18,28,162904
2015-12-14,600436,14:28:28,1,58.18,16,93088
2015-12-14,600436,14:28:23,1,58.2,13,75718
2015-12-14,600436,14:28:13,2,58.26,5,29130
2015-12-14,600436,14:28:08,1,58.24,36,209664
2015-12-14,600436,14:27:53,1,58.27,5,29135
2015-12-14,600436,14:27:38,2,58.27,83,483641
2015-12-14,600436,14:27:18,1,58.29,1,5829
2015-12-14,600436,14:27:03,1,58.29,10,58290
2015-12-14,600436,14:26:53,2,58.29,4,26463
2015-12-14,600436,14:26:48,2,58.29,8,46632
2015-12-14,600436,14:26:38,2,58.29,29,169041
2015-12-14,600436,14:26:23,2,58.29,3,17487
2015-12-14,600436,14:26:18,0,58.25,1,5825
2015-12-14,600436,14:26:08,2,58.26,9,52434
2015-12-14,600436,14:26:03,1,58.2,8,46560
2015-12-14,600436,14:25:53,2,58.25,16,93200
2015-12-14,600436,14:25:48,1,58.2,24,139680
2015-12-14,600436,14:25:33,2,58.2,155,904951
2015-12-14,600436,14:25:13,2,58.19,19,110561
2015-12-14,600436,14:25:03,1,58.15,50,290750
2015-12-14,600436,14:24:58,2,58.19,34,197846
2015-12-14,600436,14:24:43,2,58.19,42,244398
2015-12-14,600436,14:24:33,2,58.15,21,122115
2015-12-14,600436,14:24:28,1,58.13,8,49643
2015-12-14,600436,14:24:18,1,58.13,1,5813
2015-12-14,600436,14:24:13,2,58.12,14,81368
2015-12-14,600436,14:24:03,2,58.1,32,189057
2015-12-14,600436,14:23:53,2,58.1,8,46480
2015-12-14,600436,14:23:38,1,58.02,16,92832
2015-12-14,600436,14:23:28,1,58.02,6,37945
2015-12-14,600436,14:23:13,2,58.02,54,313308
2015-12-14,600436,14:22:53,1,58.01,10,58010
2015-12-14,600436,14:22:38,2,58.09,52,305146
2015-12-14,600436,14:22:23,1,58.01,11,63811
2015-12-14,600436,14:22:08,2,58.09,3,17427
2015-12-14,600436,14:22:03,2,58.09,1,5809
2015-12-14,600436,14:21:48,2,58.1,20,116200
2015-12-14,600436,14:21:38,2,58.1,11,63910
2015-12-14,600436,14:21:22,1,58.1,7,40670
2015-12-14,600436,14:21:12,2,58.1,11,63910
2015-12-14,600436,14:21:02,1,58.03,8,46424
2015-12-14,600436,14:20:57,1,58.1,2,11620
2015-12-14,600436,14:20:47,2,58.13,10,58130
2015-12-14,600436,14:20:37,2,58.1,13,75530
2015-12-14,600436,14:20:27,0,58.03,0,3133
2015-12-14,600436,14:20:22,1,58.01,26,150826
2015-12-14,600436,14:20:12,2,58.01,16,92816
2015-12-14,600436,14:19:52,1,58.01,2,11602
2015-12-14,600436,14:19:42,2,58.13,16,93008
2015-12-14,600436,14:19:37,1,58.1,14,81340
2015-12-14,600436,14:19:27,1,58.12,2,11624
2015-12-14,600436,14:19:22,1,58.15,10,58150
2015-12-14,600436,14:19:12,1,58.15,1,5815
2015-12-14,600436,14:19:07,1,58.16,17,101605
2015-12-14,600436,14:18:57,1,58.17,5,29085
2015-12-14,600436,14:18:47,0,58.19,10,58190
2015-12-14,600436,14:18:37,2,58.2,35,206784
2015-12-14,600436,14:18:22,1,58.16,20,116320
2015-12-14,600436,14:18:07,2,58.17,10,58170
2015-12-14,600436,14:18:02,1,58.17,26,151242
2015-12-14,600436,14:17:52,2,58.2,9,52380
2015-12-14,600436,14:17:47,2,58.19,1,5819
2015-12-14,600436,14:17:42,2,58.2,4,23280
2015-12-14,600436,14:17:32,2,58.19,5,29095
2015-12-14,600436,14:17:27,2,58.15,7,43845
2015-12-14,600436,14:17:12,2,58.12,1,5812
2015-12-14,600436,14:17:12,1,58.1,5,29050
2015-12-14,600436,14:17:02,2,58.1,84,488040
2015-12-14,600436,14:16:47,2,58.1,53,307930
2015-12-14,600436,14:16:37,1,58.0,10,58000
2015-12-14,600436,14:16:32,2,58.0,109,637304
2015-12-14,600436,14:16:27,2,58.0,17,101732
2015-12-14,600436,14:16:17,2,58.0,5,29000
2015-12-14,600436,14:16:12,1,57.99,6,34794
2015-12-14,600436,14:15:57,2,58.0,1,5800
2015-12-14,600436,14:15:52,2,57.99,15,87738
2015-12-14,600436,14:15:32,2,57.99,7,40593
2015-12-14,600436,14:15:27,0,57.97,2,14724
2015-12-14,600436,14:15:22,2,57.98,44,255112
2015-12-14,600436,14:15:12,1,57.96,2,11592
2015-12-14,600436,14:15:07,2,57.96,16,97372
2015-12-14,600436,14:14:52,2,57.96,24,139104
2015-12-14,600436,14:14:42,1,57.93,11,63723
2015-12-14,600436,14:14:37,1,57.94,9,52146
2015-12-14,600436,14:14:22,2,57.94,10,61068
2015-12-14,600436,14:14:07,2,57.94,22,127468
2015-12-14,600436,14:14:02,2,57.94,11,63734
2015-12-14,600436,14:13:52,2,57.94,5,28970
2015-12-14,600436,14:13:37,1,57.93,8,48139
2015-12-14,600436,14:13:32,2,57.95,10,57950
2015-12-14,600436,14:13:22,1,57.94,1,8922
2015-12-14,600436,14:13:17,1,57.94,1,5794
2015-12-14,600436,14:13:07,2,57.94,2,12457
2015-12-14,600436,14:12:52,1,57.92,42,243264
2015-12-14,600436,14:12:47,2,57.93,2,11586
2015-12-14,600436,14:12:27,2,57.92,38,223165
2015-12-14,600436,14:12:12,2,57.9,15,86850
2015-12-14,600436,14:12:02,1,57.89,11,63679
2015-12-14,600436,14:11:57,1,57.88,50,289400
2015-12-14,600436,14:11:47,1,57.89,1,5789
2015-12-14,600436,14:11:42,2,57.89,1,8915
2015-12-14,600436,14:11:22,1,57.88,10,57880
2015-12-14,600436,14:11:07,2,57.9,14,81060
2015-12-14,600436,14:10:37,2,57.89,2,11578
2015-12-14,600436,14:10:32,0,57.89,1,5789
2015-12-14,600436,14:10:22,1,57.88,10,61005
2015-12-14,600436,14:10:17,0,57.92,3,17376
2015-12-14,600436,14:10:07,2,57.93,3,17379
2015-12-14,600436,14:10:02,0,57.92,15,86880
2015-12-14,600436,14:09:52,1,57.88,35,207499
2015-12-14,600436,14:09:37,2,57.93,4,23172
2015-12-14,600436,14:09:32,1,57.93,19,110067
2015-12-14,600436,14:09:22,1,57.93,0,3128
2015-12-14,600436,14:09:17,2,57.93,19,110472
2015-12-14,600436,14:09:07,2,57.93,4,23172
2015-12-14,600436,14:09:02,2,57.93,18,104274
2015-12-14,600436,14:08:47,2,57.93,2,11586
2015-12-14,600436,14:08:37,2,57.93,2,11586
2015-12-14,600436,14:08:32,2,57.93,2,11586
2015-12-14,600436,14:08:27,1,57.93,16,95352
2015-12-14,600436,14:08:12,1,57.93,9,52137
2015-12-14,600436,14:08:02,2,57.93,14,84230
2015-12-14,600436,14:07:57,2,57.93,38,220134
2015-12-14,600436,14:07:41,2,57.93,14,81102
2015-12-14,600436,14:07:26,2,57.93,2,14714
2015-12-14,600436,14:07:06,2,57.92,14,81088
2015-12-14,600436,14:06:51,2,57.92,6,34752
2015-12-14,600436,14:06:41,2,57.92,1,5792
2015-12-14,600436,14:06:36,2,57.92,8,46336
2015-12-14,600436,14:06:26,1,57.9,3,17370
2015-12-14,600436,14:06:21,2,57.9,38,224767
2015-12-14,600436,14:06:11,2,57.9,4,23160
2015-12-14,600436,14:06:06,2,57.9,12,69480
2015-12-14,600436,14:05:56,2,57.9,1,5790
2015-12-14,600436,14:05:51,1,57.89,2,11578
2015-12-14,600436,14:05:36,2,57.9,2,11580
2015-12-14,600436,14:05:21,0,57.89,1,8915
2015-12-14,600436,14:05:16,2,57.9,6,34740
2015-12-14,600436,14:05:06,2,57.89,19,109991
2015-12-14,600436,14:04:51,2,57.9,1,5790
2015-12-14,600436,14:04:46,1,57.88,8,46304
2015-12-14,600436,14:04:31,2,57.89,6,35602
2015-12-14,600436,14:04:16,1,57.88,16,94865
2015-12-14,600436,14:04:11,2,57.89,10,61421
2015-12-14,600436,14:04:01,2,57.89,3,17367
2015-12-14,600436,14:03:56,2,57.89,2,11578
2015-12-14,600436,14:03:46,2,57.88,1,5788
2015-12-14,600436,14:03:41,2,57.89,4,23156
2015-12-14,600436,14:03:31,2,57.89,1,5789
2015-12-14,600436,14:03:26,1,57.8,2,14681
2015-12-14,600436,14:03:11,2,57.89,23,133147
2015-12-14,600436,14:02:56,2,57.89,2,11578
2015-12-14,600436,14:02:36,2,57.89,3,17367
2015-12-14,600436,14:02:31,1,57.86,10,60579
2015-12-14,600436,14:02:21,1,57.86,0,3066
2015-12-14,600436,14:02:16,2,57.89,8,46312
2015-12-14,600436,14:02:06,2,57.86,4,23144
2015-12-14,600436,14:01:46,2,57.86,6,34716
2015-12-14,600436,14:01:36,2,57.86,3,17358
2015-12-14,600436,14:01:31,0,57.86,1,8910
2015-12-14,600436,14:01:16,2,57.89,33,191037
2015-12-14,600436,14:01:11,1,57.79,53,311603
2015-12-14,600436,14:01:01,2,57.89,1,5789
2015-12-14,600436,14:00:46,2,57.89,1,5789
2015-12-14,600436,14:00:31,2,57.87,1,5787
2015-12-14,600436,14:00:26,2,57.87,2,14698
2015-12-14,600436,14:00:16,2,57.86,61,356070
2015-12-14,600436,14:00:01,2,57.86,9,52074
2015-12-14,600436,13:59:56,1,57.85,3,17355
2015-12-14,600436,13:59:41,1,57.86,9,54735
2015-12-14,600436,13:59:26,2,57.86,14,84128
2015-12-14,600436,13:59:11,1,57.85,9,52065
2015-12-14,600436,13:59:01,0,57.86,1,5786
2015-12-14,600436,13:58:41,2,57.9,1,5790
2015-12-14,600436,13:58:36,2,57.9,16,92640
2015-12-14,600436,13:58:26,1,57.8,1,5780
2015-12-14,600436,13:58:21,2,57.9,36,212203
2015-12-14,600436,13:58:11,2,57.85,3,17355
2015-12-14,600436,13:58:06,2,57.85,20,115700
2015-12-14,600436,13:57:56,2,57.85,3,17355
2015-12-14,600436,13:57:51,1,57.85,49,288555
2015-12-14,600436,13:57:41,1,57.92,2,11584
2015-12-14,600436,13:57:36,2,57.93,11,63723
2015-12-14,600436,13:57:21,1,57.86,0,3124
2015-12-14,600436,13:57:16,2,57.92,20,115840
2015-12-14,600436,13:57:16,2,57.88,2,11576
2015-12-14,600436,13:57:06,2,57.86,0,2893
2015-12-14,600436,13:56:51,1,57.8,3,17340
2015-12-14,600436,13:56:41,2,57.85,5,29387
2015-12-14,600436,13:56:36,2,57.85,5,28925
2015-12-14,600436,13:56:31,0,57.79,5,28895
2015-12-14,600436,13:56:21,0,57.78,0,3120
2015-12-14,600436,13:56:16,1,57.78,2,11556
2015-12-14,600436,13:56:06,1,57.77,11,66666
2015-12-14,600436,13:56:01,2,57.78,10,57780
2015-12-14,600436,13:55:51,1,57.78,19,112439
2015-12-14,600436,13:55:46,1,57.78,2,11556
2015-12-14,600436,13:55:36,2,57.8,2,11560
2015-12-14,600436,13:55:31,2,57.8,44,257441
2015-12-14,600436,13:55:11,2,57.8,15,86700
2015-12-14,600436,13:55:01,1,57.8,4,28437
2015-12-14,600436,13:54:56,2,57.86,2,11572
2015-12-14,600436,13:54:46,1,57.8,18,104040
2015-12-14,600436,13:54:41,0,57.85,7,40495
2015-12-14,600436,13:54:31,1,57.8,54,312120
2015-12-14,600436,13:54:26,1,57.83,16,95650
2015-12-14,600436,13:54:10,0,57.85,3,17355
2015-12-14,600436,13:53:55,2,57.86,3,17358
2015-12-14,600436,13:53:45,1,57.83,2,11566
2015-12-14,600436,13:53:40,1,57.86,84,486024
2015-12-14,600436,13:53:25,2,57.9,27,156330
2015-12-14,600436,13:53:15,1,57.88,2,11576
2015-12-14,600436,13:53:10,2,57.9,1,5790
2015-12-14,600436,13:53:05,1,57.88,12,69456
2015-12-14,600436,13:52:55,2,57.93,7,40551
2015-12-14,600436,13:52:50,1,57.92,2,11584
2015-12-14,600436,13:52:35,2,57.94,29,168026
2015-12-14,600436,13:52:20,2,57.92,8,49405
2015-12-14,600436,13:52:15,2,57.88,1,10244
2015-12-14,600436,13:52:10,2,57.88,4,23152
2015-12-14,600436,13:52:05,2,57.88,4,23152
2015-12-14,600436,13:51:50,2,57.88,16,92608
2015-12-14,600436,13:51:35,2,57.87,27,156249
2015-12-14,600436,13:51:20,1,57.83,1,8905
2015-12-14,600436,13:51:10,1,57.85,42,245631
2015-12-14,600436,13:51:00,2,57.87,5,28935
2015-12-14,600436,13:50:50,2,57.87,7,40509
2015-12-14,600436,13:50:40,2,57.86,17,98362
2015-12-14,600436,13:50:30,2,57.86,1,5786
2015-12-14,600436,13:50:25,1,57.85,14,80990
2015-12-14,600436,13:50:15,2,57.85,17,101468
2015-12-14,600436,13:50:00,2,57.85,11,63635
2015-12-14,600436,13:49:55,1,57.82,3,17346
2015-12-14,600436,13:49:45,1,57.82,8,46256
2015-12-14,600436,13:49:30,2,57.85,1,5785
2015-12-14,600436,13:49:25,2,57.82,3,17750
2015-12-14,600436,13:49:15,1,57.77,0,3119
2015-12-14,600436,13:49:10,1,57.82,12,74761
2015-12-14,600436,13:48:55,0,57.84,5,28920
2015-12-14,600436,13:48:40,2,57.85,56,323960
2015-12-14,600436,13:48:25,2,57.82,1,6186
2015-12-14,600436,13:48:10,2,57.82,47,271754
2015-12-14,600436,13:47:50,2,57.82,1,5782
2015-12-14,600436,13:47:40,2,57.82,5,28910
2015-12-14,600436,13:47:35,2,57.82,36,208152
2015-12-14,600436,13:47:20,0,57.74,1,8891
2015-12-14,600436,13:47:05,2,57.82,4,23128
2015-12-14,600436,13:46:50,1,57.82,4,23128
2015-12-14,600436,13:46:40,2,57.83,15,86745
2015-12-14,600436,13:46:35,1,57.82,15,86730
2015-12-14,600436,13:46:25,1,57.82,1,5782
2015-12-14,600436,13:46:20,2,57.83,1,5783
2015-12-14,600436,13:46:05,2,57.83,34,196622
2015-12-14,600436,13:45:50,2,57.83,1,5783
2015-12-14,600436,13:45:45,2,57.82,9,52038
2015-12-14,600436,13:45:35,2,57.82,6,34692
2015-12-14,600436,13:45:20,0,57.82,1,8904
2015-12-14,600436,13:45:15,2,57.83,1,5783
2015-12-14,600436,13:45:05,2,57.83,3,17349
2015-12-14,600436,13:45:00,1,57.83,9,52047
2015-12-14,600436,13:44:45,1,57.72,5,28860
2015-12-14,600436,13:44:40,2,57.83,4,23132
2015-12-14,600436,13:44:35,2,57.83,2,11566
2015-12-14,600436,13:44:30,1,57.72,15,86580
2015-12-14,600436,13:44:15,1,57.72,4,26204
2015-12-14,600436,13:43:45,2,57.72,17,98124
2015-12-14,600436,13:43:35,2,57.72,3,17316
2015-12-14,600436,13:43:30,1,57.71,2,11542
2015-12-14,600436,13:43:10,1,57.85,11,66180
2015-12-14,600436,13:43:00,2,57.86,1,5786
2015-12-14,600436,13:42:45,2,57.86,27,159462
2015-12-14,600436,13:42:40,0,57.84,3,17352
2015-12-14,600436,13:42:25,2,57.85,51,295035
2015-12-14,600436,13:42:10,2,57.85,18,104130
2015-12-14,600436,13:41:55,2,57.85,4,23140
2015-12-14,600436,13:41:50,2,57.84,4,23136
2015-12-14,600436,13:41:40,1,57.67,1,5767
2015-12-14,600436,13:41:35,2,57.84,2,15211
2015-12-14,600436,13:41:25,2,57.84,43,248712
2015-12-14,600436,13:41:20,2,57.84,1,8907
2015-12-14,600436,13:41:05,2,57.7,5,31965
2015-12-14,600436,13:40:55,2,57.7,2,11540
2015-12-14,600436,13:40:50,2,57.7,5,28850
2015-12-14,600436,13:40:24,2,57.67,1,5767
2015-12-14,600436,13:40:19,1,57.61,18,106808
2015-12-14,600436,13:40:04,2,57.62,25,144050
2015-12-14,600436,13:39:49,2,57.62,27,155574
2015-12-14,600436,13:39:34,1,57.6,47,270720
2015-12-14,600436,13:39:19,2,57.62,6,37683
2015-12-14,600436,13:39:04,1,57.62,36,212444
2015-12-14,600436,13:38:59,2,57.67,15,86505
2015-12-14,600436,13:38:49,2,57.67,5,28835
2015-12-14,600436,13:38:39,1,57.67,4,25720
2015-12-14,600436,13:38:34,2,57.68,3,17304
2015-12-14,600436,13:38:29,1,57.67,15,86505
2015-12-14,600436,13:38:19,2,57.68,10,57680
2015-12-14,600436,13:38:14,1,57.67,4,26182
2015-12-14,600436,13:37:59,2,57.68,60,346080
2015-12-14,600436,13:37:39,0,57.65,6,34590
2015-12-14,600436,13:37:29,2,57.65,7,40355
2015-12-14,600436,13:37:19,2,57.65,1,8820
2015-12-14,600436,13:37:09,2,57.64,5,29165
2015-12-14,600436,13:36:54,2,57.64,9,51876
2015-12-14,600436,13:36:49,2,57.64,1,5764
2015-12-14,600436,13:36:39,2,57.64,6,34584
2015-12-14,600436,13:36:29,1,57.62,4,23048
2015-12-14,600436,13:36:14,1,57.62,0,3111
2015-12-14,600436,13:36:04,1,57.6,20,115200
2015-12-14,600436,13:35:49,2,57.62,2,11524
2015-12-14,600436,13:35:39,1,57.6,1,8409
2015-12-14,600436,13:35:34,2,57.64,2,11528
2015-12-14,600436,13:35:24,2,57.64,6,34584
2015-12-14,600436,13:35:19,2,57.64,1,8876
2015-12-14,600436,13:35:04,2,57.64,5,28820
2015-12-14,600436,13:34:59,2,57.64,15,86460
2015-12-14,600436,13:34:49,1,57.64,25,146866
2015-12-14,600436,13:34:44,2,57.68,4,23072
2015-12-14,600436,13:34:34,2,57.68,7,40376
2015-12-14,600436,13:34:19,2,57.68,1,5768
2015-12-14,600436,13:34:14,1,57.64,1,8876
2015-12-14,600436,13:34:04,2,57.68,8,46144
2015-12-14,600436,13:33:59,2,57.68,9,51912
2015-12-14,600436,13:33:49,2,57.68,1,5768
2015-12-14,600436,13:33:44,2,57.64,11,69052
2015-12-14,600436,13:33:34,1,57.61,29,170698
2015-12-14,600436,13:33:19,1,57.61,1,5761
2015-12-14,600436,13:33:14,2,57.64,1,5764
2015-12-14,600436,13:33:09,1,57.64,24,140987
2015-12-14,600436,13:32:59,2,57.66,1,5766
2015-12-14,600436,13:32:54,2,57.66,2,11532
2015-12-14,600436,13:32:49,1,57.64,9,51876
2015-12-14,600436,13:32:44,2,57.66,4,23064
2015-12-14,600436,13:32:29,2,57.66,2,11532
2015-12-14,600436,13:32:24,1,57.64,6,34584
2015-12-14,600436,13:32:14,2,57.66,7,43475
2015-12-14,600436,13:32:09,2,57.66,16,92256
2015-12-14,600436,13:31:49,0,57.64,2,11528
2015-12-14,600436,13:31:39,2,57.66,11,63425
2015-12-14,600436,13:31:34,2,57.66,10,57660
2015-12-14,600436,13:31:29,1,57.64,1,5764
2015-12-14,600436,13:31:24,2,57.66,1,5766
2015-12-14,600436,13:31:14,1,57.64,5,28820
2015-12-14,600436,13:31:09,2,57.66,0,3113
2015-12-14,600436,13:31:04,2,57.66,13,74958
2015-12-14,600436,13:30:54,2,57.66,1,5766
2015-12-14,600436,13:30:49,2,57.66,3,17298
2015-12-14,600436,13:30:39,1,57.66,33,192930
2015-12-14,600436,13:30:34,2,57.68,5,28840
2015-12-14,600436,13:30:19,2,57.68,21,124242
2015-12-14,600436,13:30:04,0,57.67,3,17301
2015-12-14,600436,13:29:39,2,57.68,6,34608
2015-12-14,600436,13:29:34,0,57.68,18,103824
2015-12-14,600436,13:29:19,2,57.7,18,103860
2015-12-14,600436,13:29:09,2,57.7,10,57700
2015-12-14,600436,13:29:04,2,57.7,3,17310
2015-12-14,600436,13:28:59,0,57.68,8,46144
2015-12-14,600436,13:28:44,1,57.67,13,74971
2015-12-14,600436,13:28:34,2,57.7,3,17310
2015-12-14,600436,13:28:29,2,57.7,15,86550
2015-12-14,600436,13:28:14,2,57.7,42,245455
2015-12-14,600436,13:27:59,2,57.7,12,69240
2015-12-14,600436,13:27:44,1,57.7,23,132710
2015-12-14,600436,13:27:39,1,57.71,1,5771
2015-12-14,600436,13:27:34,1,57.8,6,36818
2015-12-14,600436,13:27:19,2,57.85,1,5785
2015-12-14,600436,13:27:14,2,57.8,11,64100
2015-12-14,600436,13:27:03,2,57.8,3,17340
2015-12-14,600436,13:26:58,2,57.8,5,28900
2015-12-14,600436,13:26:38,1,57.8,28,164383
2015-12-14,600436,13:26:28,2,57.85,1,5785
2015-12-14,600436,13:26:23,2,57.83,12,69396
2015-12-14,600436,13:26:08,1,57.8,2,14681
2015-12-14,600436,13:25:58,2,57.8,26,150395
2015-12-14,600436,13:25:53,1,57.72,5,28860
2015-12-14,600436,13:25:43,2,57.8,1,5780
2015-12-14,600436,13:25:33,1,57.72,41,236652
2015-12-14,600436,13:25:18,0,57.72,4,23088
2015-12-14,600436,13:25:13,1,57.71,1,8887
2015-12-14,600436,13:25:03,2,57.78,3,17334
2015-12-14,600436,13:24:58,1,57.72,11,63780
2015-12-14,600436,13:24:43,1,57.72,2,11544
2015-12-14,600436,13:24:33,2,57.8,3,17340
2015-12-14,600436,13:24:28,2,57.8,5,28900
2015-12-14,600436,13:24:23,1,57.72,8,46176
2015-12-14,600436,13:24:18,2,57.73,10,63214
2015-12-14,600436,13:24:13,2,57.73,1,5773
2015-12-14,600436,13:24:08,1,57.72,8,46176
2015-12-14,600436,13:24:03,2,57.73,2,11546
2015-12-14,600436,13:23:58,2,57.73,5,28865
2015-12-14,600436,13:23:53,1,57.73,1,9179
2015-12-14,600436,13:23:38,2,57.8,5,33928
2015-12-14,600436,13:23:28,2,57.8,1,5780
2015-12-14,600436,13:23:23,2,57.8,13,75140
2015-12-14,600436,13:23:08,1,57.73,7,40411
2015-12-14,600436,13:22:53,2,57.8,1,5780
2015-12-14,600436,13:22:38,1,57.82,4,25787
2015-12-14,600436,13:22:23,2,57.85,15,86775
2015-12-14,600436,13:22:18,1,57.82,1,5782
2015-12-14,600436,13:22:18,2,57.84,1,5784
2015-12-14,600436,13:22:08,1,57.82,0,3122
2015-12-14,600436,13:22:03,2,57.85,4,23140
2015-12-14,600436,13:21:48,1,57.82,1,5782
2015-12-14,600436,13:21:38,1,57.85,12,75089
2015-12-14,600436,13:21:23,2,57.85,14,81105
2015-12-14,600436,13:21:08,1,57.79,3,17337
2015-12-14,600436,13:21:03,2,57.85,4,23140
2015-12-14,600436,13:20:53,1,57.79,7,40453
2015-12-14,600436,13:20:48,2,57.85,1,5785
2015-12-14,600436,13:20:33,2,57.85,2,11570
2015-12-14,600436,13:20:28,2,57.84,10,57840
2015-12-14,600436,13:20:13,1,57.72,2,14660
2015-12-14,600436,13:20:03,2,57.79,2,11558
2015-12-14,600436,13:19:58,1,57.7,8,46160
2015-12-14,600436,13:19:48,2,57.72,1,5772
2015-12-14,600436,13:19:43,1,57.7,1,5770
2015-12-14,600436,13:19:28,2,57.72,11,63492
2015-12-14,600436,13:19:18,1,57.67,2,11534
2015-12-14,600436,13:19:13,2,57.7,1,8885
2015-12-14,600436,13:19:03,2,57.7,5,28850
2015-12-14,600436,13:18:58,2,57.7,56,323120
2015-12-14,600436,13:18:43,1,57.68,3,17304
2015-12-14,600436,13:18:38,1,57.69,34,196146
2015-12-14,600436,13:18:28,2,57.7,42,242340
2015-12-14,600436,13:18:13,1,57.7,32,184640
2015-12-14,600436,13:18:03,2,57.79,3,17337
2015-12-14,600436,13:17:53,2,57.78,12,69336
2015-12-14,600436,13:17:38,0,57.78,17,98226
2015-12-14,600436,13:17:23,1,57.79,3,19995
2015-12-14,600436,13:17:12,0,57.79,1,8899
2015-12-14,600436,13:17:02,2,57.83,1,5783
2015-12-14,600436,13:16:47,2,57.79,1,5779
2015-12-14,600436,13:16:42,2,57.85,3,17355
2015-12-14,600436,13:16:32,0,57.85,72,418776
2015-12-14,600436,13:16:12,1,57.72,0,3116
2015-12-14,600436,13:16:07,1,57.72,4,23088
2015-12-14,600436,13:15:42,1,57.72,7,40404
2015-12-14,600436,13:15:32,2,57.72,1,8888
2015-12-14,600436,13:15:27,1,57.71,2,11542
2015-12-14,600436,13:15:17,1,57.71,1,5771
2015-12-14,600436,13:15:12,2,57.72,1,5772
2015-12-14,600436,13:15:07,1,57.72,4,23088
2015-12-14,600436,13:15:02,2,57.86,14,81004
2015-12-14,600436,13:14:57,0,57.86,1,5786
2015-12-14,600436,13:14:37,2,57.87,17,98379
2015-12-14,600436,13:14:32,1,57.87,0,4455
2015-12-14,600436,13:14:27,2,57.88,1,5788
2015-12-14,600436,13:14:22,1,57.87,1,5787
2015-12-14,600436,13:14:17,2,57.88,1,5788
2015-12-14,600436,13:14:12,1,57.87,0,3124
2015-12-14,600436,13:14:07,2,57.88,3,17364
2015-12-14,600436,13:13:52,2,57.88,1,5788
2015-12-14,600436,13:13:47,2,57.88,1,5788
2015-12-14,600436,13:13:42,1,57.88,10,57880
2015-12-14,600436,13:13:37,2,57.91,8,46328
2015-12-14,600436,13:13:22,1,57.87,1,5787
2015-12-14,600436,13:13:12,2,57.91,1,8918
2015-12-14,600436,13:13:07,2,57.9,0,3531
2015-12-14,600436,13:12:57,2,57.9,1,5790
2015-12-14,600436,13:12:52,1,57.93,2,13845
2015-12-14,600436,13:12:47,1,57.93,1,5793
2015-12-14,600436,13:12:42,2,57.94,10,61474
2015-12-14,600436,13:12:37,0,57.9,4,23160
2015-12-14,600436,13:12:27,2,57.93,2,11586
2015-12-14,600436,13:12:17,1,57.9,2,13838
2015-12-14,600436,13:12:12,1,57.9,0,3068
2015-12-14,600436,13:12:07,2,57.93,3,17379
2015-12-14,600436,13:12:02,1,57.9,3,17370
2015-12-14,600436,13:11:47,1,57.9,1,5790
2015-12-14,600436,13:11:42,2,57.9,10,58363
2015-12-14,600436,13:11:37,2,57.9,3,17370
2015-12-14,600436,13:11:32,2,57.9,1,5790
2015-12-14,600436,13:11:22,1,57.9,7,45856
2015-12-14,600436,13:11:17,1,57.9,3,17370
2015-12-14,600436,13:11:07,1,57.9,3,20496
2015-12-14,600436,13:10:47,2,57.94,9,55274
2015-12-14,600436,13:10:42,2,57.9,9,52110
2015-12-14,600436,13:10:36,2,57.9,3,17370
2015-12-14,600436,13:10:26,1,57.9,2,14243
2015-12-14,600436,13:10:06,0,57.9,0,3126
2015-12-14,600436,13:10:01,2,57.95,10,57950
2015-12-14,600436,13:09:46,2,57.9,13,75270
2015-12-14,600436,13:09:36,2,57.9,2,11580
2015-12-14,600436,13:09:11,2,57.9,7,40530
2015-12-14,600436,13:09:06,0,57.87,3,20485
2015-12-14,600436,13:08:46,2,57.9,14,81060
2015-12-14,600436,13:08:36,2,57.9,3,17370
2015-12-14,600436,13:08:26,2,57.9,1,5790
2015-12-14,600436,13:08:21,2,57.9,1,5790
2015-12-14,600436,13:08:06,1,57.7,21,124228
2015-12-14,600436,13:08:01,0,57.87,1,5787
2015-12-14,600436,13:07:51,1,57.7,24,138480
2015-12-14,600436,13:07:46,2,57.9,11,63690
2015-12-14,600436,13:07:41,1,57.71,25,144275
2015-12-14,600436,13:07:31,2,57.9,19,110010
2015-12-14,600436,13:07:26,1,57.8,11,63580
2015-12-14,600436,13:07:11,1,57.9,10,63226
2015-12-14,600436,13:07:06,0,57.96,6,37905
2015-12-14,600436,13:07:01,2,57.96,5,28980
2015-12-14,600436,13:06:51,2,57.95,4,26309
2015-12-14,600436,13:06:41,1,57.9,4,23160
2015-12-14,600436,13:06:31,1,57.95,1,8460
2015-12-14,600436,13:06:26,1,57.95,9,52155
2015-12-14,600436,13:06:21,2,57.97,1,5797
2015-12-14,600436,13:06:16,1,57.95,2,11590
2015-12-14,600436,13:06:06,1,57.95,3,20514
2015-12-14,600436,13:05:56,2,57.97,1,5797
2015-12-14,600436,13:05:51,2,57.95,1,5795
2015-12-14,600436,13:05:36,0,57.95,2,11590
2015-12-14,600436,13:05:26,2,57.97,14,83940
2015-12-14,600436,13:05:11,1,57.91,3,17373
2015-12-14,600436,13:05:06,1,57.91,0,3127
2015-12-14,600436,13:05:01,2,57.95,1,5795
2015-12-14,600436,13:04:56,2,57.91,7,46212
2015-12-14,600436,13:04:51,2,57.91,10,57910
2015-12-14,600436,13:04:46,2,57.9,2,11580
2015-12-14,600436,13:04:36,1,57.9,12,74806
2015-12-14,600436,13:04:31,2,57.91,12,69492
2015-12-14,600436,13:04:21,1,57.9,2,11580
2015-12-14,600436,13:04:11,2,57.95,1,5795
2015-12-14,600436,13:04:06,1,57.9,0,3126
2015-12-14,600436,13:03:56,2,57.95,15,90054
2015-12-14,600436,13:03:46,2,57.9,1,5790
2015-12-14,600436,13:03:36,2,57.9,3,17370
2015-12-14,600436,13:03:21,2,57.9,7,43193
2015-12-14,600436,13:03:11,1,57.89,2,11578
2015-12-14,600436,13:03:06,1,57.89,7,43649
2015-12-14,600436,13:03:01,2,57.9,3,17370
2015-12-14,600436,13:02:56,0,57.89,5,28945
2015-12-14,600436,13:02:46,2,57.89,1,5789
2015-12-14,600436,13:02:36,2,57.9,3,17370
2015-12-14,600436,13:02:21,2,57.9,1,5790
2015-12-14,600436,13:02:11,2,57.95,1,5795
2015-12-14,600436,13:02:06,2,57.88,2,11576
2015-12-14,600436,13:02:01,1,57.88,15,92144
2015-12-14,600436,13:01:51,2,57.97,1,5797
2015-12-14,600436,13:01:41,2,57.97,1,5797
2015-12-14,600436,13:01:36,1,57.88,4,26277
2015-12-14,600436,13:01:26,2,57.95,2,11590
2015-12-14,600436,13:01:16,1,57.92,13,77960
2015-12-14,600436,13:01:06,0,57.95,0,3129
2015-12-14,600436,13:00:56,2,57.95,1,5795
2015-12-14,600436,13:00:46,2,57.95,1,5795
2015-12-14,600436,13:00:41,1,57.95,3,17385
2015-12-14,600436,13:00:36,2,57.97,1,5797
2015-12-14,600436,13:00:11,1,57.92,2,11584
2015-12-14,600436,13:00:06,2,57.92,82,478071
2015-12-14,600436,13:00:01,2,57.9,28,162120
2015-12-14,600436,11:29:50,2,57.9,1,5790
2015-12-14,600436,11:29:35,2,57.9,3,17370
2015-12-14,600436,11:29:30,2,57.9,1,5790
2015-12-14,600436,11:29:25,1,57.7,9,51930
2015-12-14,600436,11:29:20,2,57.9,1,5790
2015-12-14,600436,11:29:15,2,57.81,1,5781
2015-12-14,600436,11:29:10,1,57.81,4,23124
2015-12-14,600436,11:29:05,2,57.89,16,92624
2015-12-14,600436,11:28:44,2,57.89,1,5789
2015-12-14,600436,11:28:34,1,57.8,1,5780
2015-12-14,600436,11:28:29,2,57.81,1,5781
2015-12-14,600436,11:28:24,1,57.8,8,46240
2015-12-14,600436,11:28:14,2,57.8,4,23120
2015-12-14,600436,11:28:09,2,57.8,15,86700
2015-12-14,600436,11:28:04,2,57.8,4,23120
2015-12-14,600436,11:27:59,2,57.8,4,23120
2015-12-14,600436,11:27:54,2,57.8,3,17340
2015-12-14,600436,11:27:49,2,57.8,1,5780
2015-12-14,600436,11:27:39,2,57.8,1,5780
2015-12-14,600436,11:27:34,2,57.8,3,17340
2015-12-14,600436,11:27:29,2,57.8,1,5780
2015-12-14,600436,11:27:14,2,57.71,12,69252
2015-12-14,600436,11:27:09,2,57.7,12,69240
2015-12-14,600436,11:26:59,1,57.7,27,161386
2015-12-14,600436,11:26:54,1,57.71,3,17313
2015-12-14,600436,11:26:44,1,57.71,3,17313
2015-12-14,600436,11:26:39,2,57.72,2,11544
2015-12-14,600436,11:26:34,2,57.72,1,5772
2015-12-14,600436,11:26:29,1,57.75,5,28875
2015-12-14,600436,11:26:14,2,57.75,23,132998
2015-12-14,600436,11:26:09,2,57.75,4,23100
2015-12-14,600436,11:25:59,2,57.75,1,5775
2015-12-14,600436,11:25:54,2,57.75,1,5775
2015-12-14,600436,11:25:49,1,57.75,47,271425
2015-12-14,600436,11:25:39,2,57.79,3,17337
2015-12-14,600436,11:25:34,2,57.79,1,5779
2015-12-14,600436,11:25:29,2,57.79,2,11558
2015-12-14,600436,11:25:19,1,57.75,11,63525
2015-12-14,600436,11:25:14,2,57.8,18,104040
2015-12-14,600436,11:25:09,2,57.8,7,40460
2015-12-14,600436,11:25:04,1,57.75,4,23100
2015-12-14,600436,11:24:59,2,57.8,2,11560
2015-12-14,600436,11:24:49,2,57.8,1,5780
2015-12-14,600436,11:24:44,1,57.76,1,5776
2015-12-14,600436,11:24:39,2,57.8,4,23120
2015-12-14,600436,11:24:29,2,57.8,1,5780
2015-12-14,600436,11:24:24,1,57.75,1,5775
2015-12-14,600436,11:24:19,1,57.8,59,341020
2015-12-14,600436,11:24:09,2,57.89,3,17367
2015-12-14,600436,11:23:59,2,57.88,2,11576
2015-12-14,600436,11:23:54,1,57.87,5,28935
2015-12-14,600436,11:23:49,2,57.88,1,5788
2015-12-14,600436,11:23:39,2,57.9,3,17370
2015-12-14,600436,11:23:34,1,57.87,2,11574
2015-12-14,600436,11:23:24,2,57.89,1,5789
2015-12-14,600436,11:23:14,2,57.89,2,11578
2015-12-14,600436,11:23:09,0,57.86,4,23144
2015-12-14,600436,11:23:04,1,57.9,11,63690
2015-12-14,600436,11:22:59,0,57.95,1,5795
2015-12-14,600436,11:22:49,2,57.99,2,11598
2015-12-14,600436,11:22:39,2,57.99,5,28995
2015-12-14,600436,11:22:33,1,57.96,2,11592
2015-12-14,600436,11:22:28,1,57.96,35,202860
2015-12-14,600436,11:22:23,1,57.99,6,34794
2015-12-14,600436,11:22:18,1,57.99,7,40593
2015-12-14,600436,11:22:08,2,57.99,12,69588
2015-12-14,600436,11:22:03,1,57.96,1,5796
2015-12-14,600436,11:21:58,2,57.99,12,69588
2015-12-14,600436,11:21:53,2,57.99,1,5799
2015-12-14,600436,11:21:43,1,57.99,8,46392
2015-12-14,600436,11:21:38,1,57.99,9,52191
2015-12-14,600436,11:21:33,1,57.99,24,139176
2015-12-14,600436,11:21:28,1,57.99,1,5799
2015-12-14,600436,11:21:23,2,58.0,3,17400
2015-12-14,600436,11:21:13,1,57.81,10,58503
2015-12-14,600436,11:21:08,1,57.95,4,23180
2015-12-14,600436,11:20:58,2,57.99,1,5799
2015-12-14,600436,11:20:48,2,57.98,2,11596
2015-12-14,600436,11:20:43,2,57.98,5,28990
2015-12-14,600436,11:20:38,0,57.98,4,23192
2015-12-14,600436,11:20:33,1,57.95,1,5795
2015-12-14,600436,11:20:23,2,57.95,6,39869
2015-12-14,600436,11:20:18,0,57.94,2,11588
2015-12-14,600436,11:20:08,2,57.95,4,23180
2015-12-14,600436,11:20:03,1,57.82,37,213934
2015-12-14,600436,11:19:58,1,57.94,1,5794
2015-12-14,600436,11:19:53,2,57.94,2,11588
2015-12-14,600436,11:19:48,1,57.93,1,5793
2015-12-14,600436,11:19:38,2,57.94,3,17382
2015-12-14,600436,11:19:33,2,57.94,1,5794
2015-12-14,600436,11:19:28,1,57.94,20,115880
2015-12-14,600436,11:19:18,2,57.95,1,5795
2015-12-14,600436,11:19:13,2,57.95,1,5795
2015-12-14,600436,11:19:08,1,57.94,4,23176
2015-12-14,600436,11:19:03,1,57.96,1,6491
2015-12-14,600436,11:18:58,2,57.96,17,103632
2015-12-14,600436,11:18:48,1,57.94,1,5794
2015-12-14,600436,11:18:43,1,57.95,7,40565
2015-12-14,600436,11:18:38,2,57.96,4,23184
2015-12-14,600436,11:18:33,1,57.94,6,34764
2015-12-14,600436,11:18:23,2,57.94,1,5794
2015-12-14,600436,11:18:18,2,57.94,2,11588
2015-12-14,600436,11:18:13,1,57.93,1,5793
2015-12-14,600436,11:18:08,2,57.96,3,17388
2015-12-14,600436,11:18:03,2,57.96,50,289800
2015-12-14,600436,11:17:58,2,57.96,3,17388
2015-12-14,600436,11:17:48,2,57.96,1,5796
2015-12-14,600436,11:17:43,2,57.96,2,11592
2015-12-14,600436,11:17:38,2,57.96,17,98532
2015-12-14,600436,11:17:28,2,57.96,5,28980
2015-12-14,600436,11:17:18,2,57.95,8,46360
2015-12-14,600436,11:17:08,1,57.93,4,23172
2015-12-14,600436,11:17:03,0,57.95,4,23180
2015-12-14,600436,11:16:58,1,57.93,1,5793
2015-12-14,600436,11:16:53,2,57.96,1,5796
2015-12-14,600436,11:16:48,1,57.93,1,5793
2015-12-14,600436,11:16:43,2,57.96,6,34776
2015-12-14,600436,11:16:38,2,57.96,3,17388
2015-12-14,600436,11:16:33,2,57.96,17,98532
2015-12-14,600436,11:16:28,1,57.93,2,11586
2015-12-14,600436,11:16:18,2,57.96,1,5796
2015-12-14,600436,11:16:08,1,57.93,58,335994
2015-12-14,600436,11:15:58,0,57.95,5,28975
2015-12-14,600436,11:15:53,2,57.96,20,115920
2015-12-14,600436,11:15:48,1,57.93,1,5793
2015-12-14,600436,11:15:43,2,57.96,7,40572
2015-12-14,600436,11:15:38,2,57.94,2,11588
2015-12-14,600436,11:15:33,0,57.93,1,5793
2015-12-14,600436,11:15:28,2,57.92,1,5792
2015-12-14,600436,11:15:23,0,57.92,19,110048
2015-12-14,600436,11:15:18,2,57.93,27,156411
2015-12-14,600436,11:15:13,1,57.92,2,11584
2015-12-14,600436,11:15:08,2,57.93,4,23172
2015-12-14,600436,11:15:03,1,57.93,3,17379
2015-12-14,600436,11:14:43,1,57.93,10,57930
2015-12-14,600436,11:14:38,2,57.93,2,11586
2015-12-14,600436,11:14:33,2,57.93,8,46344
2015-12-14,600436,11:14:08,2,57.92,3,17376
2015-12-14,600436,11:14:03,1,57.89,1,5789
2015-12-14,600436,11:13:58,1,57.89,10,57890
2015-12-14,600436,11:13:48,1,57.9,1,5790
2015-12-14,600436,11:13:43,1,57.9,20,115800
2015-12-14,600436,11:13:38,2,57.93,26,150618
2015-12-14,600436,11:13:33,1,57.89,2,11578
2015-12-14,600436,11:13:23,1,57.9,1,5790
2015-12-14,600436,11:13:13,1,57.9,1,5790
2015-12-14,600436,11:13:08,2,57.93,5,28965
2015-12-14,600436,11:12:58,1,57.93,5,28965
2015-12-14,600436,11:12:53,1,57.93,1,5793
2015-12-14,600436,11:12:43,1,57.93,1,5793
2015-12-14,600436,11:12:38,2,57.94,23,133262
2015-12-14,600436,11:12:28,2,57.94,3,17382
2015-12-14,600436,11:12:23,1,57.93,27,156411
2015-12-14,600436,11:12:18,1,57.93,3,17379
2015-12-14,600436,11:12:13,2,57.94,1,5794
2015-12-14,600436,11:12:08,2,57.94,3,17382
2015-12-14,600436,11:12:03,0,57.93,2,11586
2015-12-14,600436,11:11:53,2,57.96,1,5796
2015-12-14,600436,11:11:48,1,57.93,6,34758
2015-12-14,600436,11:11:43,2,57.94,28,162232
2015-12-14,600436,11:11:38,2,57.94,2,11588
2015-12-14,600436,11:11:33,2,57.94,2,11588
2015-12-14,600436,11:11:28,1,57.93,15,86895
2015-12-14,600436,11:11:18,2,57.96,1,5796
2015-12-14,600436,11:11:13,2,57.96,7,40572
2015-12-14,600436,11:11:08,2,57.95,11,63745
2015-12-14,600436,11:11:03,2,57.95,2,11590
2015-12-14,600436,11:10:58,0,57.95,4,23180
2015-12-14,600436,11:10:48,1,57.96,24,139799
2015-12-14,600436,11:10:38,2,57.97,4,23188
2015-12-14,600436,11:10:33,0,57.97,1,5797
2015-12-14,600436,11:10:23,2,57.98,11,63778
2015-12-14,600436,11:10:18,1,57.96,1,5796
2015-12-14,600436,11:10:13,1,57.96,12,69552
2015-12-14,600436,11:10:08,2,57.98,3,17394
2015-12-14,600436,11:10:03,2,57.98,3,17394
2015-12-14,600436,11:09:58,1,57.96,10,63060
2015-12-14,600436,11:09:53,2,57.99,7,40593
2015-12-14,600436,11:09:48,2,57.98,9,52182
2015-12-14,600436,11:09:43,2,57.98,4,23192
2015-12-14,600436,11:09:38,1,57.96,4,23184
2015-12-14,600436,11:09:27,2,57.99,3,17397
2015-12-14,600436,11:09:17,2,57.99,4,23196
2015-12-14,600436,11:09:12,2,57.98,2,11596
2015-12-14,600436,11:09:07,2,58.0,4,23200
2015-12-14,600436,11:09:02,1,57.94,1,5794
2015-12-14,600436,11:08:52,2,58.0,42,243600
2015-12-14,600436,11:08:47,1,57.94,6,34764
2015-12-14,600436,11:08:42,2,57.95,11,63745
2015-12-14,600436,11:08:37,2,57.95,48,278160
2015-12-14,600436,11:08:32,2,57.94,2,11588
2015-12-14,600436,11:08:27,1,57.93,1,5793
2015-12-14,600436,11:08:22,2,57.94,26,150644
2015-12-14,600436,11:08:17,2,57.94,18,104292
2015-12-14,600436,11:08:12,1,57.93,3,17379
2015-12-14,600436,11:08:07,1,57.93,8,46344
2015-12-14,600436,11:08:02,2,57.94,4,23176
2015-12-14,600436,11:07:57,2,57.94,2,11588
2015-12-14,600436,11:07:52,1,57.93,10,57930
2015-12-14,600436,11:07:47,2,57.94,4,23176
2015-12-14,600436,11:07:42,2,57.94,2,11588
2015-12-14,600436,11:07:37,2,57.9,5,32771
2015-12-14,600436,11:07:27,2,57.9,21,121590
2015-12-14,600436,11:07:17,2,57.88,7,40516
2015-12-14,600436,11:07:12,2,57.89,36,208404
2015-12-14,600436,11:07:07,2,57.87,19,109953
2015-12-14,600436,11:07:02,1,57.82,1,5782
2015-12-14,600436,11:06:52,2,57.82,1,5782
2015-12-14,600436,11:06:42,1,57.81,2,11562
2015-12-14,600436,11:06:37,1,57.81,1,7919
2015-12-14,600436,11:06:32,2,57.81,15,86715
2015-12-14,600436,11:06:27,1,57.75,1,5775
2015-12-14,600436,11:06:22,1,57.75,10,58789
2015-12-14,600436,11:06:17,0,57.81,11,63591
2015-12-14,600436,11:06:12,1,57.75,4,23100
2015-12-14,600436,11:06:07,2,57.8,3,17340
2015-12-14,600436,11:06:02,1,57.75,10,57750
2015-12-14,600436,11:05:57,1,57.76,2,11552
2015-12-14,600436,11:05:52,2,57.8,20,115600
2015-12-14,600436,11:05:47,2,57.8,1,5780
2015-12-14,600436,11:05:37,1,57.75,5,28875
2015-12-14,600436,11:05:27,1,57.76,4,23104
2015-12-14,600436,11:05:22,1,57.8,6,34680
2015-12-14,600436,11:05:17,1,57.8,2,11560
2015-12-14,600436,11:05:12,2,57.82,3,17346
2015-12-14,600436,11:05:07,2,57.82,67,387394
2015-12-14,600436,11:05:02,2,57.83,6,34698
2015-12-14,600436,11:04:42,1,57.8,2,11560
2015-12-14,600436,11:04:37,2,57.87,21,121527
2015-12-14,600436,11:04:27,0,57.86,2,11572
2015-12-14,600436,11:04:22,1,57.85,5,28925
2015-12-14,600436,11:04:17,2,57.87,4,23148
2015-12-14,600436,11:04:07,2,57.87,2,11574
2015-12-14,600436,11:03:57,1,57.86,7,40502
2015-12-14,600436,11:03:52,2,57.86,17,98362
2015-12-14,600436,11:03:47,2,57.85,3,17355
2015-12-14,600436,11:03:37,2,57.83,4,23132
2015-12-14,600436,11:03:12,2,57.8,2,11560
2015-12-14,600436,11:03:07,2,57.85,3,17355
2015-12-14,600436,11:03:02,0,57.83,1,5783
2015-12-14,600436,11:02:57,1,57.76,2,11552
2015-12-14,600436,11:02:52,2,57.83,2,11566
2015-12-14,600436,11:02:47,1,57.8,5,28900
2015-12-14,600436,11:02:42,2,57.87,17,98379
2015-12-14,600436,11:02:37,1,57.8,3,17340
2015-12-14,600436,11:02:32,1,57.8,2,11560
2015-12-14,600436,11:02:27,0,57.87,1,5787
2015-12-14,600436,11:02:17,0,57.85,2,11570
2015-12-14,600436,11:02:07,1,57.88,9,52092
2015-12-14,600436,11:02:02,2,57.9,2,11580
2015-12-14,600436,11:01:52,1,57.88,5,28940
2015-12-14,600436,11:01:42,2,57.88,21,121548
2015-12-14,600436,11:01:37,0,57.87,3,17361
2015-12-14,600436,11:01:27,2,57.88,5,28940
2015-12-14,600436,11:01:22,2,57.87,1,5787
2015-12-14,600436,11:01:12,2,57.87,23,133101
2015-12-14,600436,11:01:07,1,57.83,14,80962
2015-12-14,600436,11:00:57,0,57.87,1,5787
2015-12-14,600436,11:00:52,2,57.88,13,75244
2015-12-14,600436,11:00:47,2,57.88,17,98396
2015-12-14,600436,11:00:42,0,57.88,17,98396
2015-12-14,600436,11:00:27,2,57.89,9,52101
2015-12-14,600436,11:00:22,1,57.8,6,34680
2015-12-14,600436,11:00:17,2,57.89,10,57890
2015-12-14,600436,11:00:07,1,57.78,9,52002
2015-12-14,600436,11:00:02,0,57.8,2,11560
2015-12-14,600436,10:59:57,2,57.8,9,52020
2015-12-14,600436,10:59:52,2,57.8,1,5780
2015-12-14,600436,10:59:47,2,57.78,2,11556
2015-12-14,600436,10:59:37,1,57.76,9,52561
2015-12-14,600436,10:59:32,0,57.78,5,28890
2015-12-14,600436,10:59:27,2,57.79,21,121359
2015-12-14,600436,10:59:17,1,57.76,5,28880
2015-12-14,600436,10:59:07,0,57.75,23,132825
2015-12-14,600436,10:58:42,2,57.76,6,34656
2015-12-14,600436,10:58:37,2,57.75,3,17325
2015-12-14,600436,10:58:32,1,57.73,1,5773
2015-12-14,600436,10:58:27,2,57.73,5,28865
2015-12-14,600436,10:58:22,2,57.73,5,28865
2015-12-14,600436,10:58:17,1,57.68,2,11536
2015-12-14,600436,10:58:12,2,57.76,5,28880
2015-12-14,600436,10:58:07,2,57.73,5,28865
2015-12-14,600436,10:58:02,2,57.72,1,5772
2015-12-14,600436,10:57:57,1,57.73,7,40411
2015-12-14,600436,10:57:52,2,57.73,11,63503
2015-12-14,600436,10:57:47,2,57.73,3,17319
2015-12-14,600436,10:57:42,1,57.68,2,11536
2015-12-14,600436,10:57:37,2,57.73,1,5773
2015-12-14,600436,10:57:27,2,57.68,9,56238
2015-12-14,600436,10:57:22,2,57.68,2,11536
2015-12-14,600436,10:57:17,2,57.68,11,63448
2015-12-14,600436,10:57:07,2,57.68,23,132664
2015-12-14,600436,10:57:02,2,57.68,1,5768
2015-12-14,600436,10:56:57,2,57.68,1,5768
2015-12-14,600436,10:56:52,2,57.68,20,115360
2015-12-14,600436,10:56:42,2,57.68,2,11536
2015-12-14,600436,10:56:37,2,57.68,4,23072
2015-12-14,600436,10:56:32,2,57.68,1,5768
2015-12-14,600436,10:56:22,2,57.68,2,11536
2015-12-14,600436,10:56:17,2,57.68,4,23072
2015-12-14,600436,10:56:12,1,57.64,8,47553
2015-12-14,600436,10:56:07,1,57.68,56,323008
2015-12-14,600436,10:56:01,2,57.76,13,75088
2015-12-14,600436,10:55:56,2,57.72,14,80808
2015-12-14,600436,10:55:51,2,57.72,42,242424
2015-12-14,600436,10:55:46,2,57.7,3,17310
2015-12-14,600436,10:55:36,2,57.7,4,23080
2015-12-14,600436,10:55:31,1,57.68,2,11536
2015-12-14,600436,10:55:11,2,57.7,16,92320
2015-12-14,600436,10:55:06,2,57.68,3,17304
2015-12-14,600436,10:54:56,0,57.68,2,11536
2015-12-14,600436,10:54:51,1,57.7,29,167330
2015-12-14,600436,10:54:41,2,57.71,1,5771
2015-12-14,600436,10:54:36,2,57.71,4,23084
2015-12-14,600436,10:54:21,1,57.7,20,115400
2015-12-14,600436,10:54:16,2,57.7,96,553920
2015-12-14,600436,10:54:11,1,57.68,2,11536
2015-12-14,600436,10:54:06,2,57.68,10,57680
2015-12-14,600436,10:53:56,1,57.65,4,23060
2015-12-14,600436,10:53:46,1,57.65,4,23060
2015-12-14,600436,10:53:36,2,57.67,1,5767
2015-12-14,600436,10:53:31,2,57.65,28,165743
2015-12-14,600436,10:53:26,2,57.64,33,190212
2015-12-14,600436,10:53:21,2,57.64,10,57640
2015-12-14,600436,10:53:11,2,57.63,12,69156
2015-12-14,600436,10:52:51,2,57.63,3,17289
2015-12-14,600436,10:52:41,2,57.62,1,5762
2015-12-14,600436,10:52:26,2,57.58,2,11516
2015-12-14,600436,10:52:21,2,57.58,2,11516
2015-12-14,600436,10:52:16,2,57.58,3,17274
2015-12-14,600436,10:52:06,2,57.58,1,5758
2015-12-14,600436,10:52:01,1,57.49,20,114980
2015-12-14,600436,10:51:56,2,57.55,11,63305
2015-12-14,600436,10:51:51,2,57.52,3,22145
2015-12-14,600436,10:51:46,2,57.52,1,5752
2015-12-14,600436,10:51:41,2,57.52,1,5752
2015-12-14,600436,10:51:36,2,57.52,3,17256
2015-12-14,600436,10:51:31,1,57.5,6,35362
2015-12-14,600436,10:51:26,2,57.52,10,57520
2015-12-14,600436,10:51:21,2,57.52,1,5752
2015-12-14,600436,10:51:16,2,57.52,2,11504
2015-12-14,600436,10:51:11,2,57.52,1,5752
2015-12-14,600436,10:51:06,2,57.52,2,11504
2015-12-14,600436,10:50:51,2,57.52,1,5752
2015-12-14,600436,10:50:41,2,57.52,4,23008
2015-12-14,600436,10:50:36,2,57.52,3,17256
2015-12-14,600436,10:50:26,2,57.52,1,5752
2015-12-14,600436,10:50:06,2,57.52,2,16393
2015-12-14,600436,10:49:56,2,57.5,1,5750
2015-12-14,600436,10:49:51,2,57.5,3,17250
2015-12-14,600436,10:49:41,1,57.48,11,63228
2015-12-14,600436,10:49:36,1,57.49,3,17247
2015-12-14,600436,10:49:31,2,57.5,6,34500
2015-12-14,600436,10:49:16,1,57.48,2,11496
2015-12-14,600436,10:49:11,2,57.5,1,5750
2015-12-14,600436,10:49:06,2,57.5,3,17250
2015-12-14,600436,10:49:01,2,57.5,2,11500
2015-12-14,600436,10:48:51,0,57.48,1,5748
2015-12-14,600436,10:48:46,2,57.5,3,17250
2015-12-14,600436,10:48:36,2,57.5,3,17250
2015-12-14,600436,10:48:26,2,57.5,4,23862
2015-12-14,600436,10:48:21,2,57.49,0,4886
2015-12-14,600436,10:48:16,2,57.49,4,22996
2015-12-14,600436,10:48:06,2,57.49,8,45992
2015-12-14,600436,10:47:46,2,57.49,1,5749
2015-12-14,600436,10:47:41,2,57.49,4,22996
2015-12-14,600436,10:47:36,2,57.49,42,241458
2015-12-14,600436,10:47:31,2,57.49,1,5749
2015-12-14,600436,10:47:21,2,57.49,1,5749
2015-12-14,600436,10:47:06,2,57.49,5,28745
2015-12-14,600436,10:46:56,2,57.49,8,45992
2015-12-14,600436,10:46:41,2,57.49,4,22996
2015-12-14,600436,10:46:36,2,57.49,3,17247
2015-12-14,600436,10:46:06,2,57.47,1,5747
2015-12-14,600436,10:45:56,1,57.44,2,11488
2015-12-14,600436,10:45:51,2,57.44,3,17232
2015-12-14,600436,10:45:41,1,57.41,1,5741
2015-12-14,600436,10:45:36,1,57.41,4,22964
2015-12-14,600436,10:45:31,1,57.41,1,5741
2015-12-14,600436,10:45:26,2,57.47,1,5747
2015-12-14,600436,10:45:16,1,57.41,8,45928
2015-12-14,600436,10:45:06,2,57.47,2,11494
2015-12-14,600436,10:44:46,1,57.47,22,126434
2015-12-14,600436,10:44:36,2,57.49,4,22996
2015-12-14,600436,10:44:21,2,57.48,4,22992
2015-12-14,600436,10:44:11,2,57.48,10,57480
2015-12-14,600436,10:44:06,2,57.48,2,11496
2015-12-14,600436,10:43:51,2,57.47,9,51723
2015-12-14,600436,10:43:41,2,57.47,10,57470
2015-12-14,600436,10:43:11,2,57.4,57,327180
2015-12-14,600436,10:43:06,2,57.4,23,132020
2015-12-14,600436,10:43:01,2,57.4,1,5740
2015-12-14,600436,10:42:56,2,57.4,2,11480
2015-12-14,600436,10:42:46,1,57.4,17,97580
2015-12-14,600436,10:42:35,2,57.47,3,17241
2015-12-14,600436,10:42:05,2,57.47,7,40229
2015-12-14,600436,10:41:40,1,57.38,21,120498
2015-12-14,600436,10:41:35,2,57.4,4,22960
2015-12-14,600436,10:41:25,1,57.38,1,5738
2015-12-14,600436,10:41:05,2,57.4,3,17220
2015-12-14,600436,10:41:00,1,57.4,5,28700
2015-12-14,600436,10:40:35,2,57.48,13,74724
2015-12-14,600436,10:40:30,1,57.38,18,103284
2015-12-14,600436,10:40:05,2,57.48,4,22992
2015-12-14,600436,10:39:45,1,57.38,1,5738
2015-12-14,600436,10:39:40,1,57.38,17,97546
2015-12-14,600436,10:39:35,2,57.4,2,11480
2015-12-14,600436,10:39:20,2,57.4,1,5740
2015-12-14,600436,10:39:15,0,57.38,2,14345
2015-12-14,600436,10:39:00,1,57.37,3,17211
2015-12-14,600436,10:38:55,2,57.38,6,34428
2015-12-14,600436,10:38:50,2,57.38,2,11476
2015-12-14,600436,10:38:45,2,57.36,6,34416
2015-12-14,600436,10:38:40,1,57.36,3,17208
2015-12-14,600436,10:38:35,2,57.38,27,154926
2015-12-14,600436,10:38:30,2,57.38,20,114760
2015-12-14,600436,10:38:25,1,57.38,15,86070
2015-12-14,600436,10:38:20,2,57.49,10,57490
2015-12-14,600436,10:38:10,2,57.38,1,5738
2015-12-14,600436,10:38:05,1,57.38,21,120498
2015-12-14,600436,10:37:40,1,57.4,86,493640
2015-12-14,600436,10:37:35,2,57.49,3,17247
2015-12-14,600436,10:37:25,2,57.49,14,80486
2015-12-14,600436,10:37:20,2,57.49,72,413928
2015-12-14,600436,10:37:05,1,57.48,5,28740
2015-12-14,600436,10:37:00,1,57.49,2,12360
2015-12-14,600436,10:36:35,2,57.5,2,11500
2015-12-14,600436,10:36:30,1,57.5,21,120750
2015-12-14,600436,10:36:25,2,57.52,9,51768
2015-12-14,600436,10:36:20,1,57.5,20,115000
2015-12-14,600436,10:36:15,1,57.5,4,23000
2015-12-14,600436,10:36:10,2,57.52,9,51768
2015-12-14,600436,10:36:05,1,57.5,2,11500
2015-12-14,600436,10:36:00,2,57.5,17,97750
2015-12-14,600436,10:35:50,1,57.5,5,28750
2015-12-14,600436,10:35:45,1,57.5,15,86250
2015-12-14,600436,10:35:35,0,57.52,3,17256
2015-12-14,600436,10:35:30,1,57.5,11,63250
2015-12-14,600436,10:35:10,2,57.54,11,66171
2015-12-14,600436,10:35:05,2,57.54,3,17262
2015-12-14,600436,10:34:55,1,57.54,1,5754
2015-12-14,600436,10:34:35,2,57.63,2,11526
2015-12-14,600436,10:34:25,2,57.63,4,23052
2015-12-14,600436,10:34:20,2,57.63,3,17289
2015-12-14,600436,10:34:15,1,57.52,7,40264
2015-12-14,600436,10:34:10,2,57.54,2,11508
2015-12-14,600436,10:34:05,2,57.54,3,17262
2015-12-14,600436,10:33:50,1,57.52,3,17256
2015-12-14,600436,10:33:40,1,57.54,4,25893
2015-12-14,600436,10:33:35,2,57.64,3,17292
2015-12-14,600436,10:33:30,1,57.52,10,57520
2015-12-14,600436,10:33:25,2,57.64,4,23056
2015-12-14,600436,10:33:15,2,57.64,7,40348
2015-12-14,600436,10:33:10,1,57.6,5,28800
2015-12-14,600436,10:33:05,2,57.64,3,17292
2015-12-14,600436,10:32:55,2,57.64,1,5764
2015-12-14,600436,10:32:50,2,57.64,1,5764
2015-12-14,600436,10:32:25,2,57.64,4,23056
2015-12-14,600436,10:32:15,2,57.6,5,28800
2015-12-14,600436,10:32:05,2,57.6,3,17280
2015-12-14,600436,10:31:30,1,57.5,2,11500
2015-12-14,600436,10:31:25,2,57.6,14,80640
2015-12-14,600436,10:31:20,2,57.52,5,28760
2015-12-14,600436,10:31:15,1,57.52,1,7190
2015-12-14,600436,10:31:05,2,57.6,2,11520
2015-12-14,600436,10:31:00,1,57.52,1,5752
2015-12-14,600436,10:30:35,2,57.52,0,4314
2015-12-14,600436,10:30:30,1,57.51,2,11502
2015-12-14,600436,10:30:25,2,57.52,5,28760
2015-12-14,600436,10:30:20,2,57.5,2,11500
2015-12-14,600436,10:30:00,2,57.49,1,10635
2015-12-14,600436,10:29:35,0,57.48,2,11496
2015-12-14,600436,10:29:25,2,57.49,4,22996
2015-12-14,600436,10:29:20,2,57.48,9,51732
2015-12-14,600436,10:29:15,1,57.48,2,11496
2015-12-14,600436,10:29:10,1,57.44,2,11488
2015-12-14,600436,10:29:04,2,57.49,7,40243
2015-12-14,600436,10:28:54,0,57.48,1,5748
2015-12-14,600436,10:28:49,1,57.45,4,22980
2015-12-14,600436,10:28:34,2,57.49,3,17247
2015-12-14,600436,10:28:24,1,57.49,19,110093
2015-12-14,600436,10:28:19,2,57.5,2,11500
2015-12-14,600436,10:28:14,2,57.51,10,57510
2015-12-14,600436,10:28:04,0,57.51,6,34506
2015-12-14,600436,10:27:54,2,57.52,1,5752
2015-12-14,600436,10:27:44,1,57.51,0,1437
2015-12-14,600436,10:27:34,2,57.5,2,15812
2015-12-14,600436,10:27:29,1,57.5,25,145187
2015-12-14,600436,10:27:24,2,57.51,47,274610
2015-12-14,600436,10:27:19,2,57.51,1,5751
2015-12-14,600436,10:27:09,1,57.51,9,53196
2015-12-14,600436,10:27:04,2,57.6,4,23040
2015-12-14,600436,10:26:54,1,57.51,10,57510
2015-12-14,600436,10:26:39,1,57.51,5,28755
2015-12-14,600436,10:26:34,2,57.64,9,51876
2015-12-14,600436,10:26:24,2,57.64,12,69168
2015-12-14,600436,10:26:19,2,57.64,1,5764
2015-12-14,600436,10:26:04,1,57.51,10,57510
2015-12-14,600436,10:25:39,1,57.51,30,172530
2015-12-14,600436,10:25:34,2,57.65,4,23060
2015-12-14,600436,10:25:29,2,57.65,13,74945
2015-12-14,600436,10:25:24,1,57.63,1,5763
2015-12-14,600436,10:25:04,2,57.63,2,11526
2015-12-14,600436,10:24:49,1,57.63,5,28815
2015-12-14,600436,10:24:34,1,57.63,5,28815
2015-12-14,600436,10:24:29,2,57.63,6,34578
2015-12-14,600436,10:24:09,1,57.54,2,11508
2015-12-14,600436,10:24:04,2,57.56,4,23024
2015-12-14,600436,10:23:59,1,57.56,1,5756
2015-12-14,600436,10:23:54,2,57.65,2,11530
2015-12-14,600436,10:23:49,1,57.56,6,34536
2015-12-14,600436,10:23:39,0,57.56,3,17268
2015-12-14,600436,10:23:34,1,57.54,8,46032
2015-12-14,600436,10:23:29,2,57.55,10,57550
2015-12-14,600436,10:23:24,2,57.55,1,5755
2015-12-14,600436,10:23:09,1,57.55,5,28775
2015-12-14,600436,10:23:04,2,57.67,3,17301
2015-12-14,600436,10:22:49,1,57.67,8,46136
2015-12-14,600436,10:22:34,2,57.69,17,98073
2015-12-14,600436,10:22:29,1,57.69,4,23076
2015-12-14,600436,10:22:24,2,57.71,5,28855
2015-12-14,600436,10:22:19,2,57.71,1,5771
2015-12-14,600436,10:22:09,1,57.72,4,23088
2015-12-14,600436,10:22:04,2,57.73,3,17319
2015-12-14,600436,10:21:59,0,57.72,2,11544
2015-12-14,600436,10:21:54,1,57.69,2,11538
2015-12-14,600436,10:21:49,2,57.73,32,184736
2015-12-14,600436,10:21:34,2,57.69,8,46152
2015-12-14,600436,10:21:24,1,57.67,6,34602
2015-12-14,600436,10:21:14,2,57.67,3,17301
2015-12-14,600436,10:21:09,2,57.67,1,5767
2015-12-14,600436,10:21:04,2,57.67,7,40369
2015-12-14,600436,10:20:54,1,57.52,5,28760
2015-12-14,600436,10:20:39,2,57.67,14,80738
2015-12-14,600436,10:20:34,2,57.67,7,40369
2015-12-14,600436,10:20:29,1,57.51,5,28755
2015-12-14,600436,10:20:14,1,57.51,8,50321
2015-12-14,600436,10:20:04,2,57.67,2,11534
2015-12-14,600436,10:19:59,1,57.5,5,28750
2015-12-14,600436,10:19:49,1,57.55,4,23020
2015-12-14,600436,10:19:44,1,57.55,9,51795
2015-12-14,600436,10:19:39,2,57.66,7,40362
2015-12-14,600436,10:19:34,1,57.55,5,28775
2015-12-14,600436,10:19:29,1,57.55,2,11510
2015-12-14,600436,10:19:24,1,57.55,18,103590
2015-12-14,600436,10:19:04,2,57.58,4,23032
2015-12-14,600436,10:18:59,1,57.58,2,13531
2015-12-14,600436,10:18:54,1,57.58,1,5758
2015-12-14,600436,10:18:44,1,57.58,19,113144
2015-12-14,600436,10:18:34,1,57.6,11,65376
2015-12-14,600436,10:18:29,1,57.6,3,17280
2015-12-14,600436,10:18:24,2,57.69,10,61439
2015-12-14,600436,10:18:04,1,57.6,2,11520
2015-12-14,600436,10:17:54,1,57.6,1,5760
2015-12-14,600436,10:17:44,2,57.73,5,28865
2015-12-14,600436,10:17:39,2,57.7,13,75010
2015-12-14,600436,10:17:34,2,57.7,3,17310
2015-12-14,600436,10:17:29,2,57.7,1,5770
2015-12-14,600436,10:17:19,1,57.69,4,28268
2015-12-14,600436,10:17:14,1,57.7,7,40390
2015-12-14,600436,10:17:09,1,57.7,7,40390
2015-12-14,600436,10:16:59,0,57.7,0,577
2015-12-14,600436,10:16:54,1,57.69,3,17307
2015-12-14,600436,10:16:49,2,57.7,1,5770
2015-12-14,600436,10:16:44,0,57.7,16,92320
2015-12-14,600436,10:16:34,1,57.7,54,311580
2015-12-14,600436,10:16:24,1,57.7,13,75010
2015-12-14,600436,10:16:19,2,57.75,1,5775
2015-12-14,600436,10:16:14,1,57.75,42,242550
2015-12-14,600436,10:15:59,1,57.75,2,11550
2015-12-14,600436,10:15:54,2,57.75,16,92400
2015-12-14,600436,10:15:49,1,57.7,24,138480
2015-12-14,600436,10:15:44,2,57.75,10,57750
2015-12-14,600436,10:15:38,2,57.7,7,40390
2015-12-14,600436,10:15:33,2,57.7,4,23080
2015-12-14,600436,10:15:28,1,57.69,2,11538
2015-12-14,600436,10:15:23,1,57.69,4,23076
2015-12-14,600436,10:15:18,2,57.69,22,126918
2015-12-14,600436,10:14:58,2,57.55,19,109345
2015-12-14,600436,10:14:48,2,57.55,13,74815
2015-12-14,600436,10:14:38,1,57.49,6,39380
2015-12-14,600436,10:14:33,2,57.5,3,17250
2015-12-14,600436,10:14:28,2,57.5,20,115000
2015-12-14,600436,10:14:08,2,57.5,1,5750
2015-12-14,600436,10:14:03,2,57.5,4,23000
2015-12-14,600436,10:13:58,0,57.49,1,5749
2015-12-14,600436,10:13:53,1,57.47,4,22988
2015-12-14,600436,10:13:48,2,57.5,17,97750
2015-12-14,600436,10:13:43,1,57.47,2,11494
2015-12-14,600436,10:13:33,2,57.5,3,17250
2015-12-14,600436,10:13:23,1,57.45,1,5745
2015-12-14,600436,10:13:18,1,57.45,1,5745
2015-12-14,600436,10:13:08,1,57.45,2,11490
2015-12-14,600436,10:13:03,2,57.47,3,17241
2015-12-14,600436,10:12:58,2,57.47,2,11494
2015-12-14,600436,10:12:53,2,57.47,14,80458
2015-12-14,600436,10:12:48,2,57.47,3,17241
2015-12-14,600436,10:12:43,1,57.45,3,17235
2015-12-14,600436,10:12:38,2,57.47,6,34482
2015-12-14,600436,10:12:34,2,57.47,2,11494
2015-12-14,600436,10:12:29,2,57.47,1,5747
2015-12-14,600436,10:12:24,1,57.47,1,5747
2015-12-14,600436,10:12:14,2,57.5,3,17250
2015-12-14,600436,10:12:09,2,57.5,7,40250
2015-12-14,600436,10:12:04,2,57.5,3,17250
2015-12-14,600436,10:11:59,2,57.5,10,57500
2015-12-14,600436,10:11:54,2,57.5,15,86250
2015-12-14,600436,10:11:49,1,57.47,2,11494
2015-12-14,600436,10:11:44,2,57.5,1,5750
2015-12-14,600436,10:11:39,2,57.5,5,28750
2015-12-14,600436,10:11:34,1,57.49,21,120729
2015-12-14,600436,10:11:29,2,57.5,5,28750
2015-12-14,600436,10:11:19,1,57.49,2,11498
2015-12-14,600436,10:11:14,2,57.49,10,57490
2015-12-14,600436,10:11:04,2,57.49,15,86235
2015-12-14,600436,10:10:59,1,57.46,2,11492
2015-12-14,600436,10:10:54,2,57.49,15,86235
2015-12-14,600436,10:10:49,1,57.47,15,86205
2015-12-14,600436,10:10:39,2,57.49,2,11498
2015-12-14,600436,10:10:29,2,57.49,3,17247
2015-12-14,600436,10:10:24,2,57.49,69,396681
2015-12-14,600436,10:10:19,1,57.49,2,11498
2015-12-14,600436,10:10:14,2,57.49,6,34494
2015-12-14,600436,10:09:59,2,57.45,8,48315
2015-12-14,600436,10:09:54,2,57.45,15,86175
2015-12-14,600436,10:09:49,1,57.44,2,11488
2015-12-14,600436,10:09:34,2,57.44,1,5744
2015-12-14,600436,10:09:29,1,57.4,2,11480
2015-12-14,600436,10:09:19,0,57.44,4,22976
2015-12-14,600436,10:09:04,2,57.45,25,143625
2015-12-14,600436,10:08:59,1,57.36,2,11472
2015-12-14,600436,10:08:54,1,57.36,2,11472
2015-12-14,600436,10:08:49,0,57.4,1,5740
2015-12-14,600436,10:08:39,1,57.36,2,11472
2015-12-14,600436,10:08:34,2,57.42,2,11484
2015-12-14,600436,10:08:14,1,57.36,4,22944
2015-12-14,600436,10:08:04,2,57.4,6,38974
2015-12-14,600436,10:07:59,2,57.4,16,91840
2015-12-14,600436,10:07:54,1,57.31,6,34386
2015-12-14,600436,10:07:49,0,57.33,1,5733
2015-12-14,600436,10:07:34,1,57.32,5,28660
2015-12-14,600436,10:07:24,1,57.32,6,34392
2015-12-14,600436,10:07:14,2,57.31,11,63041
2015-12-14,600436,10:07:09,1,57.3,2,11460
2015-12-14,600436,10:07:04,1,57.3,21,120330
2015-12-14,600436,10:06:59,2,57.4,12,68880
2015-12-14,600436,10:06:54,2,57.36,7,40152
2015-12-14,600436,10:06:49,2,57.36,4,22944
2015-12-14,600436,10:06:39,0,57.33,2,11466
2015-12-14,600436,10:06:29,1,57.3,10,57300
2015-12-14,600436,10:06:24,2,57.4,4,22960
2015-12-14,600436,10:06:14,2,57.4,4,22960
2015-12-14,600436,10:06:04,2,57.4,16,91840
2015-12-14,600436,10:05:59,2,57.4,7,40180
2015-12-14,600436,10:05:54,2,57.4,3,17220
2015-12-14,600436,10:05:49,1,57.36,6,34416
2015-12-14,600436,10:05:44,1,57.36,3,17208
2015-12-14,600436,10:05:34,2,57.4,3,17220
2015-12-14,600436,10:05:09,2,57.4,1,5740
2015-12-14,600436,10:05:04,2,57.4,22,126280
2015-12-14,600436,10:04:54,1,57.36,6,34416
2015-12-14,600436,10:04:33,2,57.36,5,28680
2015-12-14,600436,10:04:28,1,57.36,38,217968
2015-12-14,600436,10:04:23,1,57.36,2,11472
2015-12-14,600436,10:04:18,1,57.36,40,229440
2015-12-14,600436,10:04:13,2,57.4,1,5740
2015-12-14,600436,10:04:08,2,57.4,14,80360
2015-12-14,600436,10:04:03,2,57.4,1,5740
2015-12-14,600436,10:03:58,2,57.36,56,321216
2015-12-14,600436,10:03:43,1,57.3,2,11460
2015-12-14,600436,10:03:38,2,57.36,4,22944
2015-12-14,600436,10:03:33,2,57.36,3,17208
2015-12-14,600436,10:03:28,1,57.3,20,114600
2015-12-14,600436,10:03:23,2,57.38,11,63118
2015-12-14,600436,10:03:08,2,57.36,3,17208
2015-12-14,600436,10:02:58,1,57.3,10,57300
2015-12-14,600436,10:02:48,1,57.3,8,45840
2015-12-14,600436,10:02:43,1,57.3,2,11460
2015-12-14,600436,10:02:38,2,57.35,1,5735
2015-12-14,600436,10:02:33,0,57.35,3,17205
2015-12-14,600436,10:02:28,1,57.31,8,45848
2015-12-14,600436,10:02:12,2,57.33,25,148542
2015-12-14,600436,10:02:07,1,57.31,6,34386
2015-12-14,600436,10:02:02,2,57.33,5,28665
2015-12-14,600436,10:01:57,2,57.33,2,11466
2015-12-14,600436,10:01:52,1,57.32,2,11464
2015-12-14,600436,10:01:47,2,57.33,1,5733
2015-12-14,600436,10:01:37,1,57.33,1,5733
2015-12-14,600436,10:01:32,2,57.38,5,28690
2015-12-14,600436,10:01:27,2,57.36,6,34416
2015-12-14,600436,10:01:22,1,57.32,2,11464
2015-12-14,600436,10:01:12,2,57.38,9,51642
2015-12-14,600436,10:01:07,2,57.36,6,34416
2015-12-14,600436,10:01:02,1,57.36,39,223704
2015-12-14,600436,10:00:47,2,57.4,7,40180
2015-12-14,600436,10:00:42,2,57.4,5,28700
2015-12-14,600436,10:00:32,2,57.4,6,34440
2015-12-14,600436,10:00:22,1,57.33,44,252252
2015-12-14,600436,10:00:12,2,57.4,11,63140
2015-12-14,600436,10:00:07,0,57.35,2,11470
2015-12-14,600436,09:59:57,2,57.4,50,287000
2015-12-14,600436,09:59:37,1,57.35,16,91760
2015-12-14,600436,09:59:22,2,57.36,2,11472
2015-12-14,600436,09:59:17,2,57.4,13,74620
2015-12-14,600436,09:59:12,0,57.37,3,17211
2015-12-14,600436,09:59:02,2,57.4,5,28700
2015-12-14,600436,09:58:57,1,57.36,8,45888
2015-12-14,600436,09:58:47,2,57.4,18,103320
2015-12-14,600436,09:58:37,1,57.4,22,126280
2015-12-14,600436,09:58:32,2,57.43,7,40201
2015-12-14,600436,09:58:22,1,57.4,2,11480
2015-12-14,600436,09:58:17,1,57.4,12,68880
2015-12-14,600436,09:58:12,1,57.35,17,97495
2015-12-14,600436,09:58:07,2,57.42,1,5742
2015-12-14,600436,09:58:02,0,57.42,9,51678
2015-12-14,600436,09:57:52,0,57.4,1,5740
2015-12-14,600436,09:57:47,1,57.35,25,143375
2015-12-14,600436,09:57:42,2,57.44,1,5744
2015-12-14,600436,09:57:27,2,57.43,3,17229
2015-12-14,600436,09:57:22,2,57.39,1,5739
2015-12-14,600436,09:57:17,2,57.39,14,80346
2015-12-14,600436,09:57:12,2,57.39,1,5739
2015-12-14,600436,09:57:07,2,57.39,10,57390
2015-12-14,600436,09:57:02,2,57.35,15,86025
2015-12-14,600436,09:56:57,1,57.3,30,171900
2015-12-14,600436,09:56:42,1,57.3,10,57300
2015-12-14,600436,09:56:37,2,57.45,17,97665
2015-12-14,600436,09:56:32,0,57.39,5,28695
2015-12-14,600436,09:56:27,1,57.3,2,11460
2015-12-14,600436,09:56:22,2,57.41,16,91856
2015-12-14,600436,09:56:17,2,57.3,7,40110
2015-12-14,600436,09:56:07,1,57.28,5,28640
2015-12-14,600436,09:56:02,2,57.3,3,17190
2015-12-14,600436,09:55:57,1,57.3,8,45840
2015-12-14,600436,09:55:52,1,57.3,19,108870
2015-12-14,600436,09:55:47,1,57.3,1,5730
2015-12-14,600436,09:55:42,2,57.3,72,412560
2015-12-14,600436,09:55:37,1,57.28,1,5728
2015-12-14,600436,09:55:22,2,57.28,15,85920
2015-12-14,600436,09:55:12,1,57.15,10,57150
2015-12-14,600436,09:55:02,2,57.27,3,17181
2015-12-14,600436,09:54:57,1,57.15,2,11430
2015-12-14,600436,09:54:47,1,57.28,4,22912
2015-12-14,600436,09:54:42,2,57.28,6,34368
2015-12-14,600436,09:54:37,1,57.15,19,108585
2015-12-14,600436,09:54:32,2,57.25,10,57250
2015-12-14,600436,09:54:27,1,57.24,10,57240
2015-12-14,600436,09:54:22,2,57.28,10,57280
2015-12-14,600436,09:54:17,1,57.24,5,28620
2015-12-14,600436,09:54:12,2,57.28,33,189024
2015-12-14,600436,09:54:07,2,57.28,2,11456
2015-12-14,600436,09:54:02,0,57.28,7,40096
2015-12-14,600436,09:53:47,2,57.29,5,28645
2015-12-14,600436,09:53:42,1,57.29,12,68748
2015-12-14,600436,09:53:37,1,57.29,2,11458
2015-12-14,600436,09:53:32,1,57.26,15,85890
2015-12-14,600436,09:53:27,2,57.29,2,11458
2015-12-14,600436,09:53:22,2,57.26,1,5726
2015-12-14,600436,09:53:17,0,57.24,1,5724
2015-12-14,600436,09:53:07,1,57.23,3,17169
2015-12-14,600436,09:53:02,2,57.23,4,22892
2015-12-14,600436,09:52:57,1,57.16,76,434416
2015-12-14,600436,09:52:52,1,57.15,13,74295
2015-12-14,600436,09:52:42,2,57.23,2,11446
2015-12-14,600436,09:52:37,1,57.23,17,97291
2015-12-14,600436,09:52:32,2,57.29,3,20166
2015-12-14,600436,09:52:27,1,57.13,47,271253
2015-12-14,600436,09:52:22,1,57.23,6,34338
2015-12-14,600436,09:52:17,2,57.23,6,37313
2015-12-14,600436,09:52:12,1,57.13,2,11426
2015-12-14,600436,09:52:07,0,57.18,5,28590
2015-12-14,600436,09:52:02,1,57.13,3,17139
2015-12-14,600436,09:51:57,1,57.13,6,34278
2015-12-14,600436,09:51:47,0,57.13,7,39991
2015-12-14,600436,09:51:42,2,57.23,1,5723
2015-12-14,600436,09:51:37,2,57.12,13,74256
2015-12-14,600436,09:51:32,1,57.12,28,164962
2015-12-14,600436,09:51:27,2,57.2,4,22880
2015-12-14,600436,09:51:22,1,57.13,5,28565
2015-12-14,600436,09:51:12,2,57.13,11,63528
2015-12-14,600436,09:51:02,2,57.12,8,45696
2015-12-14,600436,09:50:57,0,57.12,3,17136
2015-12-14,600436,09:50:52,0,57.11,5,28555
2015-12-14,600436,09:50:37,1,57.1,280,1598800
2015-12-14,600436,09:50:32,2,57.12,19,108528
2015-12-14,600436,09:50:27,1,57.12,5,28560
2015-12-14,600436,09:50:22,1,57.12,166,953332
2015-12-14,600436,09:50:12,2,57.13,1,5713
2015-12-14,600436,09:50:07,0,57.13,4,22852
2015-12-14,600436,09:49:57,1,57.12,12,68544
2015-12-14,600436,09:49:52,2,57.15,1,5715
2015-12-14,600436,09:49:42,2,57.15,2,11430
2015-12-14,600436,09:49:37,0,57.15,3,17145
2015-12-14,600436,09:49:32,2,57.16,53,302948
2015-12-14,600436,09:49:27,1,57.14,2,11428
2015-12-14,600436,09:49:17,2,57.16,1,5716
2015-12-14,600436,09:49:07,1,57.13,9,51417
2015-12-14,600436,09:48:57,2,57.17,3,17151
2015-12-14,600436,09:48:52,2,57.19,52,297388
2015-12-14,600436,09:48:42,2,57.18,4,22872
2015-12-14,600436,09:48:37,2,57.19,48,274512
2015-12-14,600436,09:48:22,2,57.19,36,205884
2015-12-14,600436,09:48:12,1,57.2,30,171600
2015-12-14,600436,09:48:07,2,57.21,35,200235
2015-12-14,600436,09:47:52,1,57.2,42,240240
2015-12-14,600436,09:47:42,2,57.23,14,80122
2015-12-14,600436,09:47:37,2,57.22,25,143050
2015-12-14,600436,09:47:27,2,57.21,13,74373
2015-12-14,600436,09:47:22,1,57.2,28,160160
2015-12-14,600436,09:47:17,1,57.2,2,11440
2015-12-14,600436,09:47:17,2,57.23,33,188859
2015-12-14,600436,09:47:07,2,57.22,3,17166
2015-12-14,600436,09:47:02,2,57.23,170,972910
2015-12-14,600436,09:46:57,1,57.21,6,34326
2015-12-14,600436,09:46:52,2,57.23,14,80122
2015-12-14,600436,09:46:47,1,57.22,34,194548
2015-12-14,600436,09:46:37,2,57.25,23,131675
2015-12-14,600436,09:46:32,1,57.24,33,188892
2015-12-14,600436,09:46:22,2,57.25,10,57250
2015-12-14,600436,09:46:17,1,57.24,11,62964
2015-12-14,600436,09:46:07,2,57.25,3,17175
2015-12-14,600436,09:46:02,1,57.25,24,137400
2015-12-14,600436,09:45:52,0,57.27,10,57270
2015-12-14,600436,09:45:42,2,57.3,32,183360
2015-12-14,600436,09:45:32,1,57.32,9,51588
2015-12-14,600436,09:45:27,1,57.32,5,28660
2015-12-14,600436,09:45:22,1,57.32,7,40124
2015-12-14,600436,09:45:12,2,57.4,6,34440
2015-12-14,600436,09:45:02,2,57.4,40,229600
2015-12-14,600436,09:44:42,2,57.4,24,137760
2015-12-14,600436,09:44:32,1,57.2,23,131560
2015-12-14,600436,09:44:27,2,57.23,61,349103
2015-12-14,600436,09:44:12,1,57.22,2,11444
2015-12-14,600436,09:44:07,1,57.29,14,80206
2015-12-14,600436,09:44:02,2,57.4,5,28700
2015-12-14,600436,09:43:52,1,57.28,37,211936
2015-12-14,600436,09:43:42,2,57.3,9,51570
2015-12-14,600436,09:43:37,2,57.28,6,34368
2015-12-14,600436,09:43:27,2,57.28,2,11456
2015-12-14,600436,09:43:22,1,57.2,31,177320
2015-12-14,600436,09:43:12,2,57.29,3,17187
2015-12-14,600436,09:43:07,1,57.29,68,389572
2015-12-14,600436,09:42:52,0,57.32,1,5732
2015-12-14,600436,09:42:47,1,57.3,46,263580
2015-12-14,600436,09:42:37,0,57.4,6,34440
2015-12-14,600436,09:42:27,1,57.32,14,80248
2015-12-14,600436,09:42:22,2,57.44,1,5744
2015-12-14,600436,09:42:17,1,57.44,14,80416
2015-12-14,600436,09:42:07,0,57.44,4,22976
2015-12-14,600436,09:42:02,1,57.32,11,63052
2015-12-14,600436,09:41:52,2,57.44,5,28720
2015-12-14,600436,09:41:47,1,57.32,17,97444
2015-12-14,600436,09:41:42,2,57.45,28,160860
2015-12-14,600436,09:41:27,2,57.45,1,5745
2015-12-14,600436,09:41:22,1,57.45,7,43604
2015-12-14,600436,09:41:12,1,57.45,2,11490
2015-12-14,600436,09:41:07,2,57.46,5,28730
2015-12-14,600436,09:40:52,2,57.45,8,48315
2015-12-14,600436,09:40:42,2,57.45,9,51705
2015-12-14,600436,09:40:37,2,57.41,11,63150
2015-12-14,600436,09:40:27,1,57.3,34,194820
2015-12-14,600436,09:40:07,0,57.39,16,91824
2015-12-14,600436,09:40:02,2,57.41,8,45928
2015-12-14,600436,09:39:52,1,57.3,77,441210
2015-12-14,600436,09:39:37,1,57.41,5,28705
2015-12-14,600436,09:39:32,2,57.44,15,86160
2015-12-14,600436,09:39:27,2,57.44,9,51696
2015-12-14,600436,09:39:22,2,57.41,4,22964
2015-12-14,600436,09:39:17,1,57.39,7,40173
2015-12-14,600436,09:39:07,2,57.41,12,68892
2015-12-14,600436,09:39:02,1,57.3,2,11460
2015-12-14,600436,09:38:52,2,57.39,16,91824
2015-12-14,600436,09:38:47,1,57.3,1,5730
2015-12-14,600436,09:38:37,2,57.3,0,1146
2015-12-14,600436,09:38:32,2,57.3,23,131790
2015-12-14,600436,09:38:17,0,57.25,1,5725
2015-12-14,600436,09:38:12,0,57.21,7,40047
2015-12-14,600436,09:38:02,1,57.2,1,5720
2015-12-14,600436,09:37:57,2,57.2,22,125840
2015-12-14,600436,09:37:47,2,57.13,31,177103
2015-12-14,600436,09:37:42,2,57.13,38,217094
2015-12-14,600436,09:37:32,2,57.12,13,74256
2015-12-14,600436,09:37:27,1,57.11,9,51399
2015-12-14,600436,09:37:17,2,57.12,48,274176
2015-12-14,600436,09:37:12,1,57.1,74,422540
2015-12-14,600436,09:37:02,2,57.13,55,314215
2015-12-14,600436,09:36:57,2,57.13,15,85695
2015-12-14,600436,09:36:52,2,57.13,7,39991
2015-12-14,600436,09:36:42,2,57.13,4,22852
2015-12-14,600436,09:36:37,0,57.13,5,28565
2015-12-14,600436,09:36:27,1,57.13,4,22852
2015-12-14,600436,09:36:21,1,57.13,82,468466
2015-12-14,600436,09:36:11,2,57.16,5,28580
2015-12-14,600436,09:36:06,2,57.16,10,57160
2015-12-14,600436,09:35:56,1,57.16,25,142900
2015-12-14,600436,09:35:51,1,57.16,12,68592
2015-12-14,600436,09:35:41,1,57.2,4,22880
2015-12-14,600436,09:35:36,1,57.16,23,131468
2015-12-14,600436,09:35:31,1,57.17,25,142925
2015-12-14,600436,09:35:26,2,57.24,5,28620
2015-12-14,600436,09:35:16,1,57.28,12,68736
2015-12-14,600436,09:35:16,1,57.28,3,17184
2015-12-14,600436,09:35:06,2,57.3,5,28650
2015-12-14,600436,09:35:01,2,57.3,16,91680
2015-12-14,600436,09:34:51,1,57.3,10,61884
2015-12-14,600436,09:34:46,1,57.3,1,5730
2015-12-14,600436,09:34:41,1,57.3,3,17190
2015-12-14,600436,09:34:36,2,57.3,11,64176
2015-12-14,600436,09:34:21,2,57.3,2,11460
2015-12-14,600436,09:34:16,2,57.28,4,22912
2015-12-14,600436,09:34:06,2,57.28,3,17184
2015-12-14,600436,09:34:01,2,57.28,15,85920
2015-12-14,600436,09:33:56,1,57.15,45,261747
2015-12-14,600436,09:33:46,2,57.37,15,87202
2015-12-14,600436,09:33:41,1,57.15,8,45720
2015-12-14,600436,09:33:31,2,57.37,2,11474
2015-12-14,600436,09:33:26,1,57.37,31,182436
2015-12-14,600436,09:33:11,2,57.47,72,414933
2015-12-14,600436,09:33:06,2,57.47,22,126434
2015-12-14,600436,09:32:56,2,57.47,4,22988
2015-12-14,600436,09:32:41,2,57.47,18,103446
2015-12-14,600436,09:32:36,0,57.47,31,178157
2015-12-14,600436,09:32:21,1,57.3,9,51570
2015-12-14,600436,09:32:16,1,57.47,2,11494
2015-12-14,600436,09:32:06,0,57.47,8,45976
2015-12-14,600436,09:32:01,2,57.47,4,22988
2015-12-14,600436,09:31:56,0,57.13,21,119973
2015-12-14,600436,09:31:36,2,57.3,7,40110
2015-12-14,600436,09:31:31,1,57.3,13,74490
2015-12-14,600436,09:31:16,2,57.49,74,425426
2015-12-14,600436,09:31:06,2,57.48,41,235668
2015-12-14,600436,09:31:01,1,57.05,47,268135
2015-12-14,600436,09:30:46,1,57.17,2,11434
2015-12-14,600436,09:30:41,0,57.17,10,57170
2015-12-14,600436,09:30:26,1,57.2,17,97240
2015-12-14,600436,09:30:16,2,57.2,133,760760
2015-12-14,600436,09:30:01,1,57.01,7,39907
2015-12-14,600436,09:25:11,2,57.17,134,766078
2015-12-11,600436,14:59:58,1,57.7,6,34620
2015-12-11,600436,14:59:48,1,57.7,12,69240
2015-12-11,600436,14:59:43,1,57.7,1,5770
2015-12-11,600436,14:59:28,2,57.7,1,9809
2015-12-11,600436,14:59:23,2,57.7,12,69240
2015-12-11,600436,14:59:13,2,57.7,14,80780
2015-12-11,600436,14:58:57,0,57.69,4,23076
2015-12-11,600436,14:58:52,2,57.7,11,63470
2015-12-11,600436,14:58:42,2,57.7,19,109630
2015-12-11,600436,14:58:32,1,57.68,25,144200
2015-12-11,600436,14:58:22,2,57.7,11,63470
2015-12-11,600436,14:58:17,2,57.69,6,34614
2015-12-11,600436,14:58:02,1,57.6,16,92160
2015-12-11,600436,14:57:47,2,57.67,5,28835
2015-12-11,600436,14:57:37,2,57.64,2,11528
2015-12-11,600436,14:57:32,2,57.6,38,218880
2015-12-11,600436,14:57:22,1,57.58,10,57580
2015-12-11,600436,14:57:17,2,57.6,12,69120
2015-12-11,600436,14:57:12,2,57.6,1,5760
2015-12-11,600436,14:57:07,0,57.59,15,86385
2015-12-11,600436,14:56:52,1,57.58,39,224562
2015-12-11,600436,14:56:47,2,57.59,7,40313
2015-12-11,600436,14:56:42,2,57.59,10,57590
2015-12-11,600436,14:56:37,2,57.59,2,11518
2015-12-11,600436,14:56:32,2,57.59,2,11518
2015-12-11,600436,14:56:27,2,57.59,4,23036
2015-12-11,600436,14:56:22,0,57.59,16,92144
2015-12-11,600436,14:56:17,1,57.59,51,295609
2015-12-11,600436,14:56:12,2,57.6,9,51840
2015-12-11,600436,14:56:07,1,57.59,8,46072
2015-12-11,600436,14:56:02,2,57.6,15,86400
2015-12-11,600436,14:55:57,1,57.6,15,86400
2015-12-11,600436,14:55:52,2,57.65,1,5765
2015-12-11,600436,14:55:47,2,57.65,21,121065
2015-12-11,600436,14:55:42,1,57.6,12,69120
2015-12-11,600436,14:55:37,2,57.64,1,5764
2015-12-11,600436,14:55:32,2,57.65,100,576500
2015-12-11,600436,14:55:27,1,57.6,57,329299
2015-12-11,600436,14:55:22,2,57.62,25,144050
2015-12-11,600436,14:55:17,1,57.64,152,876128
2015-12-11,600436,14:55:12,0,57.64,11,63404
2015-12-11,600436,14:55:07,1,57.62,19,109478
2015-12-11,600436,14:55:02,2,57.65,19,109535
2015-12-11,600436,14:54:57,2,57.65,15,86475
2015-12-11,600436,14:54:52,2,57.65,4,23060
2015-12-11,600436,14:54:47,1,57.65,61,351665
2015-12-11,600436,14:54:37,2,57.67,3,17301
2015-12-11,600436,14:54:32,1,57.67,8,46136
2015-12-11,600436,14:54:26,2,57.68,5,28840
2015-12-11,600436,14:54:21,2,57.68,4,23072
2015-12-11,600436,14:54:06,1,57.68,81,467208
2015-12-11,600436,14:54:01,2,57.69,16,92304
2015-12-11,600436,14:53:56,1,57.68,29,167272
2015-12-11,600436,14:53:51,2,57.69,12,69228
2015-12-11,600436,14:53:46,2,57.69,14,80766
2015-12-11,600436,14:53:41,0,57.69,1,5769
2015-12-11,600436,14:53:31,1,57.68,7,40376
2015-12-11,600436,14:53:21,2,57.7,4,23080
2015-12-11,600436,14:53:16,0,57.68,11,63448
2015-12-11,600436,14:53:06,2,57.7,20,115400
2015-12-11,600436,14:53:01,1,57.68,22,126896
2015-12-11,600436,14:52:51,1,57.68,2,11536
2015-12-11,600436,14:52:46,1,57.67,5,28835
2015-12-11,600436,14:52:41,2,57.68,19,109592
2015-12-11,600436,14:52:36,2,57.68,2,11536
2015-12-11,600436,14:52:31,1,57.67,2,11534
2015-12-11,600436,14:52:21,1,57.68,10,57680
2015-12-11,600436,14:52:11,0,57.69,10,57690
2015-12-11,600436,14:51:56,2,57.7,9,51930
2015-12-11,600436,14:51:51,2,57.7,10,57700
2015-12-11,600436,14:51:41,0,57.69,1,5769
2015-12-11,600436,14:51:36,1,57.65,2,11530
2015-12-11,600436,14:51:31,1,57.65,81,466965
2015-12-11,600436,14:51:16,2,57.69,1,5769
2015-12-11,600436,14:51:11,1,57.67,5,28835
2015-12-11,600436,14:51:06,1,57.68,1,5768
2015-12-11,600436,14:50:56,2,57.69,35,201915
2015-12-11,600436,14:50:51,1,57.67,3,17301
2015-12-11,600436,14:50:46,1,57.67,9,51903
2015-12-11,600436,14:50:41,2,57.68,2,11536
2015-12-11,600436,14:50:36,1,57.67,7,40369
2015-12-11,600436,14:50:31,2,57.68,1,5768
2015-12-11,600436,14:50:26,1,57.68,5,28840
2015-12-11,600436,14:50:21,1,57.68,5,28840
2015-12-11,600436,14:50:16,2,57.69,1,5769
2015-12-11,600436,14:50:11,1,57.68,35,201880
2015-12-11,600436,14:50:06,2,57.69,2,11538
2015-12-11,600436,14:49:56,0,57.69,2,11538
2015-12-11,600436,14:49:45,2,57.7,1,5770
2015-12-11,600436,14:49:40,1,57.69,5,28845
2015-12-11,600436,14:49:35,2,57.7,1,5770
2015-12-11,600436,14:49:30,1,57.69,2,11538
2015-12-11,600436,14:49:20,1,57.7,5,30581
2015-12-11,600436,14:49:15,1,57.7,3,17310
2015-12-11,600436,14:49:05,1,57.7,28,161560
2015-12-11,600436,14:49:00,1,57.7,10,57700
2015-12-11,600436,14:48:55,2,57.7,33,194449
2015-12-11,600436,14:48:50,2,57.7,18,103860
2015-12-11,600436,14:48:45,2,57.68,7,40376
2015-12-11,600436,14:48:40,1,57.68,4,25956
2015-12-11,600436,14:48:35,1,57.68,5,28840
2015-12-11,600436,14:48:30,1,57.68,15,86520
2015-12-11,600436,14:48:25,1,57.68,9,51912
2015-12-11,600436,14:48:20,1,57.69,24,138456
2015-12-11,600436,14:48:07,2,57.7,51,294270
2015-12-11,600436,14:47:57,1,57.7,39,225030
2015-12-11,600436,14:47:52,2,57.72,17,98124
2015-12-11,600436,14:47:30,2,57.72,24,138528
2015-12-11,600436,14:47:20,1,57.72,23,132756
2015-12-11,600436,14:47:15,1,57.73,20,115460
2015-12-11,600436,14:47:05,2,57.78,10,57780
2015-12-11,600436,14:47:00,2,57.73,31,178963
2015-12-11,600436,14:46:50,1,57.73,21,121233
2015-12-11,600436,14:46:40,2,57.78,1,5778
2015-12-11,600436,14:46:35,2,57.78,2,11556
2015-12-11,600436,14:46:25,2,57.78,3,17334
2015-12-11,600436,14:46:15,0,57.75,1,5775
2015-12-11,600436,14:45:55,1,57.73,6,34638
2015-12-11,600436,14:45:50,0,57.74,12,69288
2015-12-11,600436,14:45:40,1,57.73,1,5773
2015-12-11,600436,14:45:35,1,57.73,4,23092
2015-12-11,600436,14:45:25,1,57.73,1,5773
2015-12-11,600436,14:45:20,2,57.73,25,144325
2015-12-11,600436,14:45:15,1,57.72,5,28860
2015-12-11,600436,14:45:09,1,57.72,5,28860
2015-12-11,600436,14:44:59,2,57.72,34,196248
2015-12-11,600436,14:44:54,1,57.71,1,5771
2015-12-11,600436,14:44:44,1,57.71,30,176015
2015-12-11,600436,14:44:34,2,57.71,20,115420
2015-12-11,600436,14:44:29,1,57.7,1,5770
2015-12-11,600436,14:44:24,1,57.7,12,69240
2015-12-11,600436,14:44:04,2,57.71,2,11542
2015-12-11,600436,14:43:49,1,57.7,6,34620
2015-12-11,600436,14:43:44,1,57.7,1,5770
2015-12-11,600436,14:43:39,1,57.7,4,23080
2015-12-11,600436,14:43:29,2,57.7,6,34620
2015-12-11,600436,14:43:24,0,57.7,1,5770
2015-12-11,600436,14:43:09,2,57.71,6,34626
2015-12-11,600436,14:43:04,1,57.68,11,63448
2015-12-11,600436,14:42:59,1,57.68,6,34608
2015-12-11,600436,14:42:54,1,57.68,2,14420
2015-12-11,600436,14:42:44,1,57.68,1,5768
2015-12-11,600436,14:42:29,1,57.68,7,40376
2015-12-11,600436,14:42:24,2,57.71,1,5771
2015-12-11,600436,14:42:19,0,57.68,4,23072
2015-12-11,600436,14:42:09,1,57.67,20,115340
2015-12-11,600436,14:42:04,1,57.67,5,28835
2015-12-11,600436,14:41:54,2,57.7,5,28850
2015-12-11,600436,14:41:49,0,57.67,1,5767
2015-12-11,600436,14:41:39,2,57.7,50,288500
2015-12-11,600436,14:41:34,2,57.67,2,11534
2015-12-11,600436,14:41:29,2,57.67,6,34602
2015-12-11,600436,14:41:24,2,57.67,2,11534
2015-12-11,600436,14:41:14,1,57.67,82,472894
2015-12-11,600436,14:41:09,2,57.68,5,28840
2015-12-11,600436,14:41:04,2,57.68,1,5768
2015-12-11,600436,14:40:59,1,57.68,4,23072
2015-12-11,600436,14:40:54,2,57.7,11,63470
2015-12-11,600436,14:40:49,1,57.71,25,144275
2015-12-11,600436,14:40:44,2,57.71,25,144275
2015-12-11,600436,14:40:39,1,57.7,4,23080
2015-12-11,600436,14:40:34,2,57.71,10,57710
2015-12-11,600436,14:40:28,1,57.71,34,196214
2015-12-11,600436,14:40:23,2,57.73,3,17319
2015-12-11,600436,14:40:18,2,57.72,10,57720
2015-12-11,600436,14:40:13,1,57.72,29,167388
2015-12-11,600436,14:40:03,2,57.73,3,17319
2015-12-11,600436,14:39:58,0,57.73,11,63503
2015-12-11,600436,14:39:38,2,57.74,6,34644
2015-12-11,600436,14:39:33,0,57.73,1,5773
2015-12-11,600436,14:39:23,2,57.74,22,127028
2015-12-11,600436,14:39:13,2,57.74,4,23096
2015-12-11,600436,14:39:03,2,57.73,2,11546
2015-12-11,600436,14:38:58,1,57.73,1,5773
2015-12-11,600436,14:38:53,1,57.73,18,103914
2015-12-11,600436,14:38:48,1,57.73,2,11546
2015-12-11,600436,14:38:43,2,57.74,3,17322
2015-12-11,600436,14:38:38,1,57.72,4,23088
2015-12-11,600436,14:38:33,1,57.72,3,17316
2015-12-11,600436,14:38:28,1,57.73,3,17319
2015-12-11,600436,14:38:23,1,57.74,38,219412
2015-12-11,600436,14:38:18,2,57.78,3,17334
2015-12-11,600436,14:38:13,2,57.78,9,52002
2015-12-11,600436,14:38:08,1,57.74,1,5774
2015-12-11,600436,14:37:48,2,57.78,7,40446
2015-12-11,600436,14:37:43,2,57.74,31,178994
2015-12-11,600436,14:37:38,1,57.72,10,57720
2015-12-11,600436,14:37:28,2,57.74,2,11548
2015-12-11,600436,14:37:23,1,57.74,7,40418
2015-12-11,600436,14:37:18,2,57.79,4,23116
2015-12-11,600436,14:37:13,1,57.72,21,121212
2015-12-11,600436,14:37:08,2,57.74,8,46192
2015-12-11,600436,14:37:03,1,57.72,2,11544
2015-12-11,600436,14:36:58,2,57.74,2,11548
2015-12-11,600436,14:36:53,2,57.74,2,11548
2015-12-11,600436,14:36:48,1,57.74,3,17322
2015-12-11,600436,14:36:43,2,57.78,1,5778
2015-12-11,600436,14:36:38,1,57.74,23,132802
2015-12-11,600436,14:36:33,2,57.78,1,5778
2015-12-11,600436,14:36:28,2,57.78,6,34668
2015-12-11,600436,14:36:23,1,57.78,5,28890
2015-12-11,600436,14:36:18,2,57.79,8,46232
2015-12-11,600436,14:36:13,1,57.78,7,40446
2015-12-11,600436,14:36:08,1,57.78,1,5778
2015-12-11,600436,14:36:03,2,57.79,8,46232
2015-12-11,600436,14:35:57,2,57.79,1,5779
2015-12-11,600436,14:35:52,0,57.79,6,34674
2015-12-11,600436,14:35:32,2,57.8,2,11560
2015-12-11,600436,14:35:22,2,57.8,2,11560
2015-12-11,600436,14:35:17,1,57.74,2,11548
2015-12-11,600436,14:35:12,2,57.8,3,17340
2015-12-11,600436,14:35:02,2,57.74,1,5774
2015-12-11,600436,14:34:52,2,57.74,1,5774
2015-12-11,600436,14:34:47,2,57.74,2,11548
2015-12-11,600436,14:34:37,2,57.74,289,1668686
2015-12-11,600436,14:34:17,2,57.7,29,167330
2015-12-11,600436,14:34:07,2,57.7,2,11540
2015-12-11,600436,14:33:57,1,57.66,5,28830
2015-12-11,600436,14:33:47,2,57.7,30,173100
2015-12-11,600436,14:33:37,0,57.66,3,17298
2015-12-11,600436,14:33:32,1,57.65,4,23060
2015-12-11,600436,14:33:27,2,57.66,4,23064
2015-12-11,600436,14:33:22,1,57.62,31,178622
2015-12-11,600436,14:33:17,2,57.65,16,92240
2015-12-11,600436,14:33:12,2,57.65,7,40355
2015-12-11,600436,14:33:02,2,57.65,18,103770
2015-12-11,600436,14:32:57,2,57.65,4,23060
2015-12-11,600436,14:32:52,1,57.65,9,51885
2015-12-11,600436,14:32:47,2,57.66,1,5766
2015-12-11,600436,14:32:42,0,57.66,1,5766
2015-12-11,600436,14:32:37,2,57.7,2,11540
2015-12-11,600436,14:32:32,1,57.61,107,621208
2015-12-11,600436,14:32:22,1,57.66,7,40362
2015-12-11,600436,14:32:17,2,57.66,24,138384
2015-12-11,600436,14:32:12,1,57.61,110,633710
2015-12-11,600436,14:32:07,2,57.64,1,5764
2015-12-11,600436,14:32:02,2,57.64,7,40348
2015-12-11,600436,14:31:57,1,57.64,71,409244
2015-12-11,600436,14:31:52,2,57.66,2,11532
2015-12-11,600436,14:31:47,1,57.63,7,40341
2015-12-11,600436,14:31:37,2,57.66,4,23064
2015-12-11,600436,14:31:32,2,57.66,25,144150
2015-12-11,600436,14:31:27,1,57.66,81,471428
2015-12-11,600436,14:31:16,2,57.7,2,11540
2015-12-11,600436,14:31:11,1,57.68,10,57680
2015-12-11,600436,14:31:06,2,57.7,4,23080
2015-12-11,600436,14:31:01,2,57.7,3,17310
2015-12-11,600436,14:30:56,1,57.7,49,282730
2015-12-11,600436,14:30:51,1,57.72,3,17316
2015-12-11,600436,14:30:41,1,57.71,3,17313
2015-12-11,600436,14:30:36,1,57.71,16,92336
2015-12-11,600436,14:30:26,2,57.72,5,28860
2015-12-11,600436,14:30:21,1,57.72,5,28860
2015-12-11,600436,14:30:16,1,57.74,1,5774
2015-12-11,600436,14:30:11,2,57.79,1,5779
2015-12-11,600436,14:30:06,1,57.74,3,17322
2015-12-11,600436,14:30:01,2,57.81,10,57810
2015-12-11,600436,14:29:51,1,57.8,4,23120
2015-12-11,600436,14:29:26,2,57.85,2,11570
2015-12-11,600436,14:29:11,1,57.85,3,22561
2015-12-11,600436,14:29:01,0,57.86,5,28930
2015-12-11,600436,14:28:51,1,57.85,1,5785
2015-12-11,600436,14:28:41,2,57.88,1,5788
2015-12-11,600436,14:28:31,1,57.85,20,115700
2015-12-11,600436,14:28:16,1,57.85,24,139418
2015-12-11,600436,14:28:06,2,57.85,17,98345
2015-12-11,600436,14:28:01,2,57.82,1,5782
2015-12-11,600436,14:27:56,1,57.82,1,5782
2015-12-11,600436,14:27:51,2,57.85,2,11570
2015-12-11,600436,14:27:36,2,57.85,1,5785
2015-12-11,600436,14:27:31,1,57.8,6,34680
2015-12-11,600436,14:27:26,0,57.81,3,17343
2015-12-11,600436,14:26:56,1,57.73,9,51957
2015-12-11,600436,14:26:46,2,57.8,20,115600
2015-12-11,600436,14:26:40,1,57.67,43,250345
2015-12-11,600436,14:26:35,2,57.71,1,5771
2015-12-11,600436,14:26:30,2,57.71,16,92336
2015-12-11,600436,14:26:25,2,57.67,5,28835
2015-12-11,600436,14:26:20,1,57.67,166,960724
2015-12-11,600436,14:26:10,1,57.72,43,248196
2015-12-11,600436,14:26:05,1,57.73,88,510390
2015-12-11,600436,14:25:55,2,57.84,7,40488
2015-12-11,600436,14:25:50,1,57.8,13,75140
2015-12-11,600436,14:25:45,1,57.8,91,525980
2015-12-11,600436,14:25:40,1,57.84,7,40488
2015-12-11,600436,14:25:30,2,57.89,2,11578
2015-12-11,600436,14:25:25,2,57.91,12,69492
2015-12-11,600436,14:25:20,1,57.84,20,115680
2015-12-11,600436,14:25:15,0,57.89,1,5789
2015-12-11,600436,14:25:00,1,57.85,15,86775
2015-12-11,600436,14:24:45,2,57.91,2,11582
2015-12-11,600436,14:24:40,1,57.89,8,46312
2015-12-11,600436,14:24:35,1,57.89,94,544166
2015-12-11,600436,14:24:30,1,57.91,20,115820
2015-12-11,600436,14:24:20,1,57.92,19,110048
2015-12-11,600436,14:24:15,0,57.92,1,5792
2015-12-11,600436,14:24:05,1,57.91,3,17373
2015-12-11,600436,14:24:00,2,57.94,1,5794
2015-12-11,600436,14:23:55,1,57.94,0,2375
2015-12-11,600436,14:23:50,0,57.95,2,11590
2015-12-11,600436,14:23:40,1,57.94,33,191202
2015-12-11,600436,14:23:35,2,58.0,1,5800
2015-12-11,600436,14:23:30,1,57.99,2,11598
2015-12-11,600436,14:23:15,0,58.0,1,5800
2015-12-11,600436,14:23:05,1,57.95,46,266570
2015-12-11,600436,14:23:00,2,58.0,10,58522
2015-12-11,600436,14:22:55,1,58.0,1,11078
2015-12-11,600436,14:22:50,2,58.0,31,180322
2015-12-11,600436,14:22:45,1,57.95,24,139080
2015-12-11,600436,14:22:35,2,58.0,2,11600
2015-12-11,600436,14:22:30,1,58.0,10,58000
2015-12-11,600436,14:22:25,1,58.0,17,98600
2015-12-11,600436,14:22:20,2,58.01,3,17403
2015-12-11,600436,14:22:15,1,58.0,1,5800
2015-12-11,600436,14:22:10,1,58.0,1,5800
2015-12-11,600436,14:22:05,1,58.0,15,87000
2015-12-11,600436,14:21:54,1,58.01,32,189518
2015-12-11,600436,14:21:44,1,58.01,10,58010
2015-12-11,600436,14:21:24,1,58.01,6,34806
2015-12-11,600436,14:21:14,1,58.01,6,34806
2015-12-11,600436,14:20:59,1,58.01,14,81214
2015-12-11,600436,14:20:49,2,58.07,1,5807
2015-12-11,600436,14:20:39,1,58.02,13,75426
2015-12-11,600436,14:20:29,1,58.07,1,5807
2015-12-11,600436,14:20:24,1,58.13,3,17439
2015-12-11,600436,14:20:19,2,58.14,10,58140
2015-12-11,600436,14:20:09,1,58.13,9,52317
2015-12-11,600436,14:19:59,2,58.14,11,63954
2015-12-11,600436,14:19:49,1,58.13,1,5813
2015-12-11,600436,14:19:44,1,58.1,12,72915
2015-12-11,600436,14:19:24,1,58.14,3,17442
2015-12-11,600436,14:19:19,2,58.14,34,200292
2015-12-11,600436,14:18:59,2,58.14,5,29070
2015-12-11,600436,14:18:54,2,58.14,53,308142
2015-12-11,600436,14:18:49,1,58.03,14,84433
2015-12-11,600436,14:18:44,1,58.1,5,29050
2015-12-11,600436,14:18:34,2,58.14,52,302328
2015-12-11,600436,14:18:29,1,58.1,5,29050
2015-12-11,600436,14:18:24,1,58.1,3,17430
2015-12-11,600436,14:18:09,2,58.1,22,130434
2015-12-11,600436,14:18:04,2,58.04,1,5804
2015-12-11,600436,14:17:59,1,58.03,9,52227
2015-12-11,600436,14:17:54,2,58.04,1,5804
2015-12-11,600436,14:17:39,1,58.02,86,500886
2015-12-11,600436,14:17:34,2,58.03,2,11606
2015-12-11,600436,14:17:29,1,58.02,12,69624
2015-12-11,600436,14:17:08,2,58.02,15,87030
2015-12-11,600436,14:17:03,1,58.0,2,11600
2015-12-11,600436,14:16:48,2,58.02,30,174060
2015-12-11,600436,14:16:43,2,58.02,2,11604
2015-12-11,600436,14:16:33,0,58.0,3,17400
2015-12-11,600436,14:16:08,2,57.96,1,5796
2015-12-11,600436,14:16:03,2,57.96,2,11592
2015-12-11,600436,14:15:43,2,57.96,2,11592
2015-12-11,600436,14:15:38,1,57.95,25,144875
2015-12-11,600436,14:15:33,1,57.95,2,11590
2015-12-11,600436,14:15:23,1,57.95,4,23180
2015-12-11,600436,14:15:13,1,57.95,1,5795
2015-12-11,600436,14:15:08,2,58.02,5,29010
2015-12-11,600436,14:14:43,1,57.95,2,11590
2015-12-11,600436,14:14:23,1,57.95,9,52155
2015-12-11,600436,14:14:13,1,57.95,5,28975
2015-12-11,600436,14:13:58,1,57.96,5,28980
2015-12-11,600436,14:13:28,2,58.03,1,5803
2015-12-11,600436,14:13:13,1,57.95,7,40565
2015-12-11,600436,14:13:08,1,57.95,12,69540
2015-12-11,600436,14:12:32,1,58.04,2,11608
2015-12-11,600436,14:12:27,1,58.05,4,23220
2015-12-11,600436,14:12:17,1,57.96,27,156492
2015-12-11,600436,14:12:12,1,58.04,10,58040
2015-12-11,600436,14:11:52,2,58.07,5,29035
2015-12-11,600436,14:11:42,1,58.04,2,11608
2015-12-11,600436,14:11:27,1,58.04,5,29020
2015-12-11,600436,14:11:17,2,58.07,1,5807
2015-12-11,600436,14:10:52,2,58.07,1,5807
2015-12-11,600436,14:10:42,2,58.07,3,17421
2015-12-11,600436,14:10:02,2,58.07,11,63877
2015-12-11,600436,14:09:47,2,58.07,10,58070
2015-12-11,600436,14:09:22,0,57.99,1,5799
2015-12-11,600436,14:09:02,2,58.07,1,5807
2015-12-11,600436,14:08:52,1,57.95,46,269467
2015-12-11,600436,14:08:42,2,58.0,14,81200
2015-12-11,600436,14:08:37,1,57.99,4,23196
2015-12-11,600436,14:08:27,2,57.99,1,5799
2015-12-11,600436,14:08:07,1,58.0,81,469800
2015-12-11,600436,14:08:01,1,58.06,2,11612
2015-12-11,600436,14:07:51,1,58.06,20,116120
2015-12-11,600436,14:07:36,2,58.09,1,5809
2015-12-11,600436,14:07:31,2,58.1,7,40670
2015-12-11,600436,14:07:11,1,58.06,1,5806
2015-12-11,600436,14:07:06,1,58.02,25,145050
2015-12-11,600436,14:06:46,1,58.06,9,55157
2015-12-11,600436,14:06:36,1,58.06,4,23224
2015-12-11,600436,14:06:21,1,58.06,2,11612
2015-12-11,600436,14:06:16,1,58.06,15,87090
2015-12-11,600436,14:06:06,2,58.1,6,34860
2015-12-11,600436,14:06:01,1,58.06,6,34836
2015-12-11,600436,14:05:56,1,58.06,2,11612
2015-12-11,600436,14:05:51,2,58.1,1,5810
2015-12-11,600436,14:05:36,1,58.1,29,168490
2015-12-11,600436,14:05:31,1,58.1,20,116200
2015-12-11,600436,14:05:26,0,58.1,42,244020
2015-12-11,600436,14:05:11,2,58.1,2,11620
2015-12-11,600436,14:05:06,2,58.1,4,23240
2015-12-11,600436,14:05:01,1,58.1,14,81340
2015-12-11,600436,14:04:51,0,58.11,1,5811
2015-12-11,600436,14:04:41,2,58.14,24,139536
2015-12-11,600436,14:04:31,2,58.11,2,11622
2015-12-11,600436,14:04:26,2,58.11,2,11622
2015-12-11,600436,14:04:21,1,58.06,9,52254
2015-12-11,600436,14:04:16,0,58.1,10,58100
2015-12-11,600436,14:04:01,1,58.06,2,11612
2015-12-11,600436,14:03:56,2,58.11,1,5811
2015-12-11,600436,14:03:51,2,58.12,8,46496
2015-12-11,600436,14:03:46,1,58.0,68,394400
2015-12-11,600436,14:03:36,1,58.0,5,29000
2015-12-11,600436,14:03:31,1,58.0,2,14500
2015-12-11,600436,14:03:26,2,58.0,3,17400
2015-12-11,600436,14:03:21,2,58.0,10,58000
2015-12-11,600436,14:03:15,2,58.0,8,46400
2015-12-11,600436,14:03:05,2,58.0,13,75400
2015-12-11,600436,14:02:55,2,58.0,2,11600
2015-12-11,600436,14:02:50,2,58.0,5,29000
2015-12-11,600436,14:02:45,1,57.9,2,11580
2015-12-11,600436,14:02:35,2,57.9,2,14996
2015-12-11,600436,14:02:30,2,57.9,8,46320
2015-12-11,600436,14:02:25,2,57.9,87,503730
2015-12-11,600436,14:02:20,2,57.9,30,173700
2015-12-11,600436,14:02:10,1,57.89,1,5789
2015-12-11,600436,14:02:05,2,57.9,45,261650
2015-12-11,600436,14:02:00,2,57.89,43,248927
2015-12-11,600436,14:01:50,2,57.89,3,17367
2015-12-11,600436,14:01:45,2,57.89,13,75257
2015-12-11,600436,14:01:40,2,57.89,7,40523
2015-12-11,600436,14:01:35,2,57.89,6,34734
2015-12-11,600436,14:01:25,2,57.89,5,28945
2015-12-11,600436,14:01:15,2,57.89,10,57890
2015-12-11,600436,14:01:10,1,57.89,4,27845
2015-12-11,600436,14:01:05,2,57.89,7,41622
2015-12-11,600436,14:00:55,2,57.89,21,121569
2015-12-11,600436,14:00:50,2,57.89,2,11578
2015-12-11,600436,14:00:45,2,57.89,3,17367
2015-12-11,600436,14:00:40,2,57.89,2,11578
2015-12-11,600436,14:00:35,2,57.89,1,5789
2015-12-11,600436,14:00:30,2,57.89,20,115780
2015-12-11,600436,14:00:25,2,57.89,1,5789
2015-12-11,600436,14:00:20,1,57.81,104,603652
2015-12-11,600436,14:00:15,2,57.89,2,11578
2015-12-11,600436,14:00:10,2,57.89,1,5789
2015-12-11,600436,14:00:05,0,57.84,8,46272
2015-12-11,600436,13:59:35,1,57.82,5,28910
2015-12-11,600436,13:59:30,2,57.84,3,17352
2015-12-11,600436,13:59:25,0,57.84,3,17352
2015-12-11,600436,13:59:20,1,57.81,11,63591
2015-12-11,600436,13:59:15,2,57.89,13,75257
2015-12-11,600436,13:59:10,2,57.89,1,5789
2015-12-11,600436,13:58:50,2,57.9,67,387930
2015-12-11,600436,13:58:45,2,57.9,2,13953
2015-12-11,600436,13:58:40,2,57.9,20,115800
2015-12-11,600436,13:58:19,1,57.9,38,222336
2015-12-11,600436,13:58:09,1,57.93,0,2433
2015-12-11,600436,13:58:04,1,57.93,6,34758
2015-12-11,600436,13:57:59,2,57.95,2,11590
2015-12-11,600436,13:57:39,2,57.95,1,5795
2015-12-11,600436,13:57:29,2,57.95,11,67106
2015-12-11,600436,13:57:09,2,57.95,10,57950
2015-12-11,600436,13:57:04,1,57.95,12,69540
2015-12-11,600436,13:56:59,2,57.98,15,86970
2015-12-11,600436,13:56:44,1,57.94,0,2433
2015-12-11,600436,13:56:34,1,57.94,5,28970
2015-12-11,600436,13:56:29,2,58.0,2,11600
2015-12-11,600436,13:56:24,1,57.98,1,5798
2015-12-11,600436,13:56:19,1,57.98,1,5798
2015-12-11,600436,13:56:14,1,57.98,32,185536
2015-12-11,600436,13:55:59,1,57.99,1,5799
2015-12-11,600436,13:55:39,2,58.0,8,46400
2015-12-11,600436,13:55:32,1,58.0,35,203058
2015-12-11,600436,13:55:27,1,58.0,1,5800
2015-12-11,600436,13:55:12,1,58.0,14,81200
2015-12-11,600436,13:55:07,1,58.0,3,17400
2015-12-11,600436,13:54:57,1,58.0,26,150800
2015-12-11,600436,13:54:52,2,58.02,3,17406
2015-12-11,600436,13:54:47,1,58.0,36,208800
2015-12-11,600436,13:54:42,1,58.0,28,164836
2015-12-11,600436,13:54:32,1,58.0,11,63800
2015-12-11,600436,13:54:17,1,58.01,20,116020
2015-12-11,600436,13:54:12,0,58.03,7,40621
2015-12-11,600436,13:54:02,1,58.02,2,11604
2015-12-11,600436,13:53:47,2,58.12,5,29060
2015-12-11,600436,13:53:42,1,58.05,35,205555
2015-12-11,600436,13:53:36,1,58.12,1,5812
2015-12-11,600436,13:53:26,2,58.14,15,87210
2015-12-11,600436,13:53:21,1,58.13,11,63943
2015-12-11,600436,13:53:16,2,58.14,11,63954
2015-12-11,600436,13:53:11,1,58.14,49,284886
2015-12-11,600436,13:53:06,2,58.17,1,5817
2015-12-11,600436,13:53:01,2,58.15,3,17445
2015-12-11,600436,13:52:51,1,58.15,9,55707
2015-12-11,600436,13:52:41,1,58.17,6,34902
2015-12-11,600436,13:52:36,1,58.17,5,29085
2015-12-11,600436,13:52:31,1,58.17,5,29085
2015-12-11,600436,13:52:26,1,58.18,5,29090
2015-12-11,600436,13:52:21,2,58.18,14,83895
2015-12-11,600436,13:52:16,1,58.13,11,67314
2015-12-11,600436,13:52:11,0,58.17,4,23268
2015-12-11,600436,13:52:01,2,58.18,10,60623
2015-12-11,600436,13:51:56,0,58.12,1,5812
2015-12-11,600436,13:51:53,1,58.13,0,3371
2015-12-11,600436,13:51:48,2,58.13,7,43132
2015-12-11,600436,13:51:43,1,58.02,5,29010
2015-12-11,600436,13:51:38,1,58.12,6,34872
2015-12-11,600436,13:51:33,2,58.12,15,92410
2015-12-11,600436,13:51:23,1,58.0,25,145000
2015-12-11,600436,13:51:08,2,58.0,84,490506
2015-12-11,600436,13:50:58,2,58.0,174,1012622
2015-12-11,600436,13:50:53,1,57.98,57,330486
2015-12-11,600436,13:50:43,1,57.98,1,8175
2015-12-11,600436,13:50:38,2,57.98,9,52182
2015-12-11,600436,13:50:28,2,57.98,15,86970
2015-12-11,600436,13:50:18,0,57.96,20,115920
2015-12-11,600436,13:50:08,1,57.92,8,46336
2015-12-11,600436,13:49:58,1,57.91,21,121611
2015-12-11,600436,13:49:48,2,57.93,20,115860
2015-12-11,600436,13:49:43,2,57.93,5,31398
2015-12-11,600436,13:49:38,2,57.93,4,23172
2015-12-11,600436,13:49:33,2,57.93,3,17379
2015-12-11,600436,13:49:28,1,57.91,2,11582
2015-12-11,600436,13:49:18,1,57.9,26,150540
2015-12-11,600436,13:49:13,2,57.93,6,37133
2015-12-11,600436,13:49:07,2,57.91,2,11582
2015-12-11,600436,13:49:02,1,57.91,33,194519
2015-12-11,600436,13:48:52,2,57.91,8,48702
2015-12-11,600436,13:48:47,2,57.91,1,5791
2015-12-11,600436,13:48:42,1,57.9,2,11580
2015-12-11,600436,13:48:32,1,57.9,12,69480
2015-12-11,600436,13:48:27,2,57.91,26,155951
2015-12-11,600436,13:48:17,2,57.91,1,10655
2015-12-11,600436,13:48:07,2,57.9,22,127380
2015-12-11,600436,13:48:02,2,57.9,22,127380
2015-12-11,600436,13:47:57,2,57.9,5,28950
2015-12-11,600436,13:47:52,1,57.9,3,18296
2015-12-11,600436,13:47:42,2,57.91,18,106670
2015-12-11,600436,13:47:37,1,57.87,4,23148
2015-12-11,600436,13:47:32,2,57.9,5,31381
2015-12-11,600436,13:47:27,1,57.85,12,69420
2015-12-11,600436,13:47:17,1,57.85,6,34710
2015-12-11,600436,13:47:07,2,57.9,4,23160
2015-12-11,600436,13:47:02,1,57.9,1,9148
2015-12-11,600436,13:46:52,2,57.91,1,5791
2015-12-11,600436,13:46:42,0,57.9,0,2431
2015-12-11,600436,13:46:32,2,57.9,3,17370
2015-12-11,600436,13:46:27,2,57.9,8,46320
2015-12-11,600436,13:46:17,2,57.9,5,28950
2015-12-11,600436,13:46:02,2,57.9,1,5790
2015-12-11,600436,13:45:57,2,57.9,15,86850
2015-12-11,600436,13:45:52,1,57.84,5,28920
2015-12-11,600436,13:45:47,2,57.91,41,237431
2015-12-11,600436,13:45:42,1,57.84,0,2371
2015-12-11,600436,13:45:32,2,57.9,17,98430
2015-12-11,600436,13:45:12,2,57.84,2,11568
2015-12-11,600436,13:45:02,2,57.84,1,5784
2015-12-11,600436,13:44:57,2,57.84,3,17352
2015-12-11,600436,13:44:52,2,57.84,2,11568
2015-12-11,600436,13:44:47,1,57.89,27,159660
2015-12-11,600436,13:44:42,1,57.9,27,158761
2015-12-11,600436,13:44:37,2,57.91,1,5791
2015-12-11,600436,13:44:32,2,57.91,2,11582
2015-12-11,600436,13:44:16,1,57.91,42,244669
2015-12-11,600436,13:44:11,2,57.97,82,475354
2015-12-11,600436,13:43:51,2,57.97,2,11594
2015-12-11,600436,13:43:41,1,57.91,0,2374
2015-12-11,600436,13:43:36,2,57.97,5,28985
2015-12-11,600436,13:43:26,2,57.97,14,81158
2015-12-11,600436,13:43:21,2,57.97,1,5797
2015-12-11,600436,13:43:16,1,57.97,24,139128
2015-12-11,600436,13:43:01,2,57.99,12,69588
2015-12-11,600436,13:42:56,2,57.97,2,11594
2015-12-11,600436,13:42:51,2,57.97,13,75361
2015-12-11,600436,13:42:46,2,57.97,5,28985
2015-12-11,600436,13:42:41,1,57.91,0,2432
2015-12-11,600436,13:42:31,2,57.91,4,28491
2015-12-11,600436,13:42:26,2,57.91,1,5791
2015-12-11,600436,13:42:21,2,57.91,20,115820
2015-12-11,600436,13:42:16,2,57.91,25,144775
2015-12-11,600436,13:42:01,2,57.9,1,5790
2015-12-11,600436,13:41:56,1,57.8,1,5780
2015-12-11,600436,13:41:51,2,57.9,1,5790
2015-12-11,600436,13:41:46,2,57.81,9,54919
2015-12-11,600436,13:41:41,1,57.73,0,2424
2015-12-11,600436,13:41:36,1,57.73,1,5773
2015-12-11,600436,13:41:26,2,57.75,7,40425
2015-12-11,600436,13:41:16,2,57.72,2,11544
2015-12-11,600436,13:41:06,2,57.72,3,17316
2015-12-11,600436,13:41:01,2,57.72,2,11544
2015-12-11,600436,13:40:56,1,57.72,15,86580
2015-12-11,600436,13:40:46,2,57.75,1,5775
2015-12-11,600436,13:40:41,0,57.71,0,2366
2015-12-11,600436,13:40:31,1,57.7,30,173100
2015-12-11,600436,13:40:26,1,57.65,44,256081
2015-12-11,600436,13:40:16,2,57.67,3,17301
2015-12-11,600436,13:40:11,2,57.7,1,5770
2015-12-11,600436,13:40:06,1,57.65,28,161420
2015-12-11,600436,13:40:01,1,57.65,27,155655
2015-12-11,600436,13:39:51,1,57.65,34,198373
2015-12-11,600436,13:39:46,1,57.67,2,11534
2015-12-11,600436,13:39:41,2,57.67,13,78777
2015-12-11,600436,13:39:36,2,57.67,100,576700
2015-12-11,600436,13:39:31,2,57.66,2,11532
2015-12-11,600436,13:39:25,0,57.66,37,213342
2015-12-11,600436,13:39:15,2,57.67,46,265282
2015-12-11,600436,13:39:10,0,57.67,4,23068
2015-12-11,600436,13:39:05,1,57.65,19,109535
2015-12-11,600436,13:38:55,2,57.7,5,28850
2015-12-11,600436,13:38:50,2,57.7,1,5770
2015-12-11,600436,13:38:45,1,57.7,17,102475
2015-12-11,600436,13:38:40,2,57.75,174,1007217
2015-12-11,600436,13:38:30,2,57.75,2,11550
2015-12-11,600436,13:38:25,2,57.8,2,11560
2015-12-11,600436,13:38:20,1,57.7,54,314003
2015-12-11,600436,13:38:15,1,57.75,8,49549
2015-12-11,600436,13:38:10,2,57.8,17,98260
2015-12-11,600436,13:38:00,2,57.8,15,86700
2015-12-11,600436,13:37:55,2,57.8,11,63580
2015-12-11,600436,13:37:50,2,57.8,3,17340
2015-12-11,600436,13:37:40,1,57.8,14,86237
2015-12-11,600436,13:37:35,1,57.8,16,92480
2015-12-11,600436,13:37:15,1,57.81,5,28905
2015-12-11,600436,13:37:00,1,57.87,4,23148
2015-12-11,600436,13:36:50,2,57.91,7,40537
2015-12-11,600436,13:36:45,1,57.9,3,17833
2015-12-11,600436,13:36:40,1,57.91,4,23164
2015-12-11,600436,13:36:25,1,57.93,18,107691
2015-12-11,600436,13:36:20,2,57.94,23,133262
2015-12-11,600436,13:36:10,1,57.94,2,15006
2015-12-11,600436,13:36:00,1,57.94,1,5794
2015-12-11,600436,13:35:50,1,57.94,4,23176
2015-12-11,600436,13:35:45,0,57.95,3,19760
2015-12-11,600436,13:35:35,1,57.94,2,11588
2015-12-11,600436,13:35:30,1,57.94,2,11588
2015-12-11,600436,13:35:20,1,57.94,7,40558
2015-12-11,600436,13:35:15,2,57.99,5,28995
2015-12-11,600436,13:35:10,0,57.98,28,162344
2015-12-11,600436,13:34:55,2,57.99,5,28995
2015-12-11,600436,13:34:39,1,57.93,7,40551
2015-12-11,600436,13:34:29,1,57.98,17,98566
2015-12-11,600436,13:34:24,2,57.99,27,156573
2015-12-11,600436,13:34:09,2,57.98,1,5798
2015-12-11,600436,13:33:59,1,57.93,25,144825
2015-12-11,600436,13:33:49,1,57.93,2,11586
2015-12-11,600436,13:33:39,2,57.98,7,42963
2015-12-11,600436,13:33:19,2,57.98,1,5798
2015-12-11,600436,13:32:59,2,57.91,8,46328
2015-12-11,600436,13:32:54,2,57.91,1,5791
2015-12-11,600436,13:32:49,2,57.91,1,5791
2015-12-11,600436,13:32:39,2,57.91,6,37178
2015-12-11,600436,13:32:24,2,57.9,2,14475
2015-12-11,600436,13:32:19,2,57.9,5,28950
2015-12-11,600436,13:32:14,2,57.9,6,34740
2015-12-11,600436,13:32:09,1,57.9,31,182385
2015-12-11,600436,13:32:04,1,57.9,10,57900
2015-12-11,600436,13:31:49,1,57.9,1,5790
2015-12-11,600436,13:31:44,2,57.9,61,358516
2015-12-11,600436,13:31:34,1,57.88,4,23152
2015-12-11,600436,13:31:29,2,57.9,4,23160
2015-12-11,600436,13:31:14,2,57.9,10,57900
2015-12-11,600436,13:31:04,2,57.9,3,17370
2015-12-11,600436,13:30:44,1,57.8,46,265880
2015-12-11,600436,13:30:39,2,57.89,2,13951
2015-12-11,600436,13:30:34,2,57.89,3,17367
2015-12-11,600436,13:30:19,1,57.82,3,17346
2015-12-11,600436,13:30:14,2,57.87,1,5787
2015-12-11,600436,13:30:04,1,57.87,6,34722
2015-12-11,600436,13:29:58,2,57.9,5,28950
2015-12-11,600436,13:29:53,1,57.87,3,17361
2015-12-11,600436,13:29:48,1,57.87,11,63657
2015-12-11,600436,13:29:38,1,57.88,0,2430
2015-12-11,600436,13:29:33,1,57.88,6,34728
2015-12-11,600436,13:29:28,2,57.9,7,40530
2015-12-11,600436,13:29:18,2,57.9,6,34740
2015-12-11,600436,13:29:13,2,57.89,1,5789
2015-12-11,600436,13:29:08,1,57.87,5,28935
2015-12-11,600436,13:28:53,2,57.9,15,86850
2015-12-11,600436,13:28:48,1,57.88,1,5788
2015-12-11,600436,13:28:43,2,57.9,1,5790
2015-12-11,600436,13:28:33,2,57.9,1,5790
2015-12-11,600436,13:28:28,1,57.9,145,839550
2015-12-11,600436,13:28:23,2,57.95,1,5795
2015-12-11,600436,13:28:08,2,57.9,20,115800
2015-12-11,600436,13:27:58,0,57.88,1,5788
2015-12-11,600436,13:27:43,2,57.95,6,34770
2015-12-11,600436,13:27:38,2,57.9,2,14011
2015-12-11,600436,13:27:23,2,57.79,0,1444
2015-12-11,600436,13:27:18,2,57.85,4,23140
2015-12-11,600436,13:27:08,2,57.8,1,5780
2015-12-11,600436,13:27:03,2,57.8,5,28900
2015-12-11,600436,13:26:58,2,57.8,60,346800
2015-12-11,600436,13:26:53,1,57.77,1,5777
2015-12-11,600436,13:26:48,0,57.77,31,179087
2015-12-11,600436,13:26:43,1,57.75,12,69300
2015-12-11,600436,13:26:38,1,57.75,0,2425
2015-12-11,600436,13:26:23,2,57.75,13,75075
2015-12-11,600436,13:26:13,2,57.75,4,23100
2015-12-11,600436,13:26:08,2,57.75,5,28875
2015-12-11,600436,13:26:03,2,57.75,1,5775
2015-12-11,600436,13:25:58,2,57.75,3,17325
2015-12-11,600436,13:25:53,2,57.75,1,5775
2015-12-11,600436,13:25:48,2,57.75,8,46200
2015-12-11,600436,13:25:38,2,57.75,7,40425
2015-12-11,600436,13:25:33,2,57.7,19,111995
2015-12-11,600436,13:25:28,1,57.65,6,34590
2015-12-11,600436,13:25:23,1,57.65,11,63415
2015-12-11,600436,13:25:13,2,57.65,3,21618
2015-12-11,600436,13:25:07,2,57.65,5,28825
2015-12-11,600436,13:25:02,1,57.64,4,23056
2015-12-11,600436,13:24:52,2,57.65,3,17295
2015-12-11,600436,13:24:47,2,57.65,7,40355
2015-12-11,600436,13:24:42,2,57.65,3,17295
2015-12-11,600436,13:24:37,2,57.65,11,63415
2015-12-11,600436,13:24:32,1,57.65,158,914271
2015-12-11,600436,13:24:27,0,57.75,3,17325
2015-12-11,600436,13:24:12,2,57.77,3,17331
2015-12-11,600436,13:24:07,2,57.77,4,23108
2015-12-11,600436,13:24:02,1,57.67,33,190311
2015-12-11,600436,13:23:57,2,57.77,7,40439
2015-12-11,600436,13:23:52,2,57.78,1,5778
2015-12-11,600436,13:23:42,1,57.71,4,23084
2015-12-11,600436,13:23:37,1,57.71,0,2366
2015-12-11,600436,13:23:32,2,57.7,6,34620
2015-12-11,600436,13:23:27,2,57.7,12,69240
2015-12-11,600436,13:23:22,1,57.68,17,98056
2015-12-11,600436,13:23:17,2,57.7,10,57700
2015-12-11,600436,13:23:12,1,57.7,130,750100
2015-12-11,600436,13:23:07,2,57.78,13,75114
2015-12-11,600436,13:23:02,1,57.77,6,34662
2015-12-11,600436,13:22:57,1,57.78,7,40446
2015-12-11,600436,13:22:47,1,57.78,1,5778
2015-12-11,600436,13:22:42,1,57.8,9,56355
2015-12-11,600436,13:22:37,1,57.8,15,89127
2015-12-11,600436,13:22:27,1,57.8,6,34680
2015-12-11,600436,13:22:12,1,57.8,20,115600
2015-12-11,600436,13:22:07,2,57.86,16,92576
2015-12-11,600436,13:21:52,1,57.86,11,64629
2015-12-11,600436,13:21:42,2,57.9,2,11580
2015-12-11,600436,13:21:37,1,57.86,0,2430
2015-12-11,600436,13:21:27,2,57.9,1,5790
2015-12-11,600436,13:21:22,2,57.9,1,5790
2015-12-11,600436,13:21:17,2,57.9,1,5790
2015-12-11,600436,13:21:07,1,57.86,25,144650
2015-12-11,600436,13:21:02,2,57.9,1,5790
2015-12-11,600436,13:20:57,2,57.9,1,5790
2015-12-11,600436,13:20:52,1,57.86,13,75218
2015-12-11,600436,13:20:47,1,57.86,4,23144
2015-12-11,600436,13:20:37,0,57.86,0,2372
2015-12-11,600436,13:20:27,2,57.84,0,2429
2015-12-11,600436,13:20:21,2,57.84,1,5784
2015-12-11,600436,13:20:01,1,57.84,8,49626
2015-12-11,600436,13:19:56,2,57.9,37,214230
2015-12-11,600436,13:19:41,2,57.9,10,60331
2015-12-11,600436,13:19:26,1,57.85,1,5785
2015-12-11,600436,13:19:11,0,57.84,2,11568
2015-12-11,600436,13:18:56,1,57.83,2,11566
2015-12-11,600436,13:18:41,1,57.84,5,28920
2015-12-11,600436,13:18:36,0,57.85,0,2371
2015-12-11,600436,13:18:21,1,57.85,1,5785
2015-12-11,600436,13:18:16,1,57.96,2,11592
2015-12-11,600436,13:18:11,2,57.96,20,118354
2015-12-11,600436,13:17:51,0,57.85,1,5785
2015-12-11,600436,13:17:41,0,57.96,30,173880
2015-12-11,600436,13:17:26,2,57.97,29,168113
2015-12-11,600436,13:17:21,1,57.97,12,69564
2015-12-11,600436,13:17:11,1,57.98,3,17394
2015-12-11,600436,13:17:06,2,57.98,6,34788
2015-12-11,600436,13:17:01,1,57.96,21,121716
2015-12-11,600436,13:16:56,1,57.96,20,115920
2015-12-11,600436,13:16:51,2,57.98,2,11596
2015-12-11,600436,13:16:41,2,57.93,9,52137
2015-12-11,600436,13:16:31,2,57.8,3,17340
2015-12-11,600436,13:16:26,1,57.78,8,46224
2015-12-11,600436,13:16:21,1,57.78,8,46224
2015-12-11,600436,13:16:16,1,57.78,1,5778
2015-12-11,600436,13:16:11,1,57.78,6,34668
2015-12-11,600436,13:16:06,2,57.78,30,173340
2015-12-11,600436,13:15:56,2,57.78,13,75114
2015-12-11,600436,13:15:51,2,57.78,1,5778
2015-12-11,600436,13:15:46,2,57.78,1,5778
2015-12-11,600436,13:15:35,2,57.75,24,138600
2015-12-11,600436,13:15:30,2,57.75,17,98175
2015-12-11,600436,13:15:20,2,57.67,11,63437
2015-12-11,600436,13:15:15,1,57.67,14,80738
2015-12-11,600436,13:15:10,2,57.67,1,5767
2015-12-11,600436,13:15:05,1,57.67,6,34602
2015-12-11,600436,13:15:00,0,57.75,23,132825
2015-12-11,600436,13:14:50,1,57.67,12,69204
2015-12-11,600436,13:14:45,0,57.78,9,52002
2015-12-11,600436,13:14:25,1,57.65,1,5765
2015-12-11,600436,13:14:10,1,57.61,8,46088
2015-12-11,600436,13:14:05,2,57.65,1,5765
2015-12-11,600436,13:14:00,1,57.61,7,40327
2015-12-11,600436,13:13:55,2,57.61,41,236201
2015-12-11,600436,13:13:50,2,57.61,28,161308
2015-12-11,600436,13:13:45,2,57.61,32,184352
2015-12-11,600436,13:13:40,2,57.61,5,28805
2015-12-11,600436,13:13:35,2,57.61,22,126742
2015-12-11,600436,13:13:30,2,57.61,21,120981
2015-12-11,600436,13:13:25,1,57.61,35,201635
2015-12-11,600436,13:13:20,0,57.79,2,11558
2015-12-11,600436,13:13:10,2,57.8,3,17340
2015-12-11,600436,13:13:05,1,57.56,5,28780
2015-12-11,600436,13:13:00,1,57.55,13,74815
2015-12-11,600436,13:12:45,0,57.55,84,483420
2015-12-11,600436,13:12:40,2,57.99,2,11598
2015-12-11,600436,13:12:35,2,57.99,32,185568
2015-12-11,600436,13:12:30,2,57.99,7,40593
2015-12-11,600436,13:12:25,2,57.99,343,1989057
2015-12-11,600436,13:12:20,1,57.98,4,23192
2015-12-11,600436,13:12:15,1,57.99,3,17397
2015-12-11,600436,13:12:10,2,58.0,5,29000
2015-12-11,600436,13:12:05,1,57.99,3,17397
2015-12-11,600436,13:12:00,1,57.99,2,11598
2015-12-11,600436,13:11:55,0,58.01,1,5801
2015-12-11,600436,13:11:50,2,58.0,4,23200
2015-12-11,600436,13:11:45,2,58.0,38,220400
2015-12-11,600436,13:11:40,1,58.0,155,899000
2015-12-11,600436,13:11:35,2,58.01,5,29005
2015-12-11,600436,13:11:30,1,58.0,45,261000
2015-12-11,600436,13:11:20,2,58.01,1,5801
2015-12-11,600436,13:11:15,1,58.01,36,209358
2015-12-11,600436,13:11:10,1,58.01,8,46408
2015-12-11,600436,13:11:05,1,58.01,2,11602
2015-12-11,600436,13:11:00,1,58.01,2,11602
2015-12-11,600436,13:10:55,2,58.02,4,23208
2015-12-11,600436,13:10:49,2,58.02,3,17406
2015-12-11,600436,13:10:44,2,58.02,8,46416
2015-12-11,600436,13:10:34,2,58.02,1,5802
2015-12-11,600436,13:10:29,1,58.02,29,168258
2015-12-11,600436,13:10:04,1,58.02,60,348120
2015-12-11,600436,13:09:59,2,58.05,22,127710
2015-12-11,600436,13:09:49,1,58.01,5,29005
2015-12-11,600436,13:09:44,1,58.01,23,133423
2015-12-11,600436,13:09:39,1,58.01,2,11602
2015-12-11,600436,13:09:34,2,58.01,71,417149
2015-12-11,600436,13:09:29,1,58.0,9,52200
2015-12-11,600436,13:09:24,2,58.01,49,284249
2015-12-11,600436,13:09:19,2,58.01,25,146649
2015-12-11,600436,13:09:14,2,58.01,8,46408
2015-12-11,600436,13:09:09,2,58.01,1,5801
2015-12-11,600436,13:09:04,0,58.01,18,104418
2015-12-11,600436,13:08:59,1,58.0,164,951200
2015-12-11,600436,13:08:54,2,58.1,2,11620
2015-12-11,600436,13:08:39,1,58.01,158,916558
2015-12-11,600436,13:08:34,1,58.06,2,11612
2015-12-11,600436,13:08:29,1,58.06,6,34836
2015-12-11,600436,13:08:19,1,58.07,27,156789
2015-12-11,600436,13:07:59,1,58.07,2,11614
2015-12-11,600436,13:07:54,2,58.1,1,5810
2015-12-11,600436,13:07:49,2,58.1,6,34860
2015-12-11,600436,13:07:39,1,58.1,59,342790
2015-12-11,600436,13:07:34,1,58.1,78,453180
2015-12-11,600436,13:07:29,1,58.1,1,5810
2015-12-11,600436,13:07:19,1,58.11,13,76124
2015-12-11,600436,13:07:14,2,58.11,6,40095
2015-12-11,600436,13:07:09,1,58.1,29,168490
2015-12-11,600436,13:07:04,2,58.11,6,34866
2015-12-11,600436,13:06:59,2,58.11,5,29055
2015-12-11,600436,13:06:49,1,58.11,19,110990
2015-12-11,600436,13:06:44,1,58.11,5,29055
2015-12-11,600436,13:06:39,1,58.11,2,11622
2015-12-11,600436,13:06:24,1,58.11,9,52299
2015-12-11,600436,13:06:19,1,58.15,1,11048
2015-12-11,600436,13:06:14,2,58.17,2,11634
2015-12-11,600436,13:05:58,2,58.17,2,11634
2015-12-11,600436,13:05:53,2,58.17,69,401373
2015-12-11,600436,13:05:48,1,58.17,8,46536
2015-12-11,600436,13:05:43,1,58.17,2,11634
2015-12-11,600436,13:05:23,1,58.18,12,69816
2015-12-11,600436,13:05:18,2,58.19,6,34914
2015-12-11,600436,13:05:13,1,58.18,16,93088
2015-12-11,600436,13:05:08,1,58.18,9,52362
2015-12-11,600436,13:04:58,2,58.19,1,5819
2015-12-11,600436,13:04:53,1,58.19,7,41256
2015-12-11,600436,13:04:48,1,58.19,1,5819
2015-12-11,600436,13:04:43,2,58.2,4,23280
2015-12-11,600436,13:04:38,1,58.19,20,116380
2015-12-11,600436,13:04:33,2,58.2,5,29100
2015-12-11,600436,13:04:13,1,58.2,15,91490
2015-12-11,600436,13:04:08,1,58.2,6,34920
2015-12-11,600436,13:03:48,2,58.23,3,17469
2015-12-11,600436,13:03:38,1,58.23,3,17469
2015-12-11,600436,13:03:23,1,58.25,2,11650
2015-12-11,600436,13:03:08,1,58.25,5,29125
2015-12-11,600436,13:02:58,1,58.25,5,29125
2015-12-11,600436,13:02:53,2,58.25,52,302900
2015-12-11,600436,13:02:23,2,58.25,1,5825
2015-12-11,600436,13:02:18,1,58.2,50,291000
2015-12-11,600436,13:02:08,1,58.26,18,104868
2015-12-11,600436,13:01:53,1,58.26,1,5826
2015-12-11,600436,13:01:38,1,58.26,1,5826
2015-12-11,600436,13:01:23,1,58.27,14,81578
2015-12-11,600436,13:00:57,1,58.27,12,69924
2015-12-11,600436,13:00:32,1,58.27,21,122367
2015-12-11,600436,13:00:27,1,58.28,38,221464
2015-12-11,600436,13:00:07,2,58.28,65,383832
2015-12-11,600436,13:00:02,1,58.25,138,805248
2015-12-11,600436,11:30:02,2,58.27,2,11654
2015-12-11,600436,11:29:47,2,58.27,1,5827
2015-12-11,600436,11:29:27,1,58.27,57,337791
2015-12-11,600436,11:29:07,1,58.29,2,11658
2015-12-11,600436,11:28:57,0,58.28,1,6002
2015-12-11,600436,11:28:37,2,58.3,2,11660
2015-12-11,600436,11:28:22,1,58.26,3,17478
2015-12-11,600436,11:28:02,0,58.26,0,4427
2015-12-11,600436,11:27:47,1,58.24,1,5824
2015-12-11,600436,11:27:37,2,58.25,2,11650
2015-12-11,600436,11:27:32,2,58.25,15,87375
2015-12-11,600436,11:27:32,1,58.25,69,401925
2015-12-11,600436,11:27:17,1,58.28,12,69936
2015-12-11,600436,11:26:57,1,58.28,9,52452
2015-12-11,600436,11:26:42,2,58.29,12,69948
2015-12-11,600436,11:26:27,1,58.29,22,128238
2015-12-11,600436,11:26:27,1,58.29,1,5829
2015-12-11,600436,11:26:02,0,58.29,4,23316
2015-12-11,600436,11:25:57,1,58.28,0,4429
2015-12-11,600436,11:25:52,2,58.3,3,17490
2015-12-11,600436,11:25:42,2,58.29,8,46632
2015-12-11,600436,11:25:27,1,58.28,1,9324
2015-12-11,600436,11:25:22,1,58.28,10,58280
2015-12-11,600436,11:25:12,2,58.29,15,87435
2015-12-11,600436,11:25:07,1,58.28,3,17950
2015-12-11,600436,11:24:47,1,58.28,1,5828
2015-12-11,600436,11:24:22,1,58.29,11,64119
2015-12-11,600436,11:24:17,2,58.3,1,5830
2015-12-11,600436,11:24:02,1,58.3,37,219732
2015-12-11,600436,11:23:32,1,58.32,5,31492
2015-12-11,600436,11:23:27,1,58.32,5,30909
2015-12-11,600436,11:23:12,1,58.32,2,11664
2015-12-11,600436,11:23:02,2,58.36,10,58360
2015-12-11,600436,11:23:02,2,58.36,9,52524
2015-12-11,600436,11:22:51,2,58.36,4,23344
2015-12-11,600436,11:22:26,1,58.32,0,1749
2015-12-11,600436,11:22:16,1,58.31,2,11662
2015-12-11,600436,11:22:11,1,58.31,1,5831
2015-12-11,600436,11:22:11,2,58.36,1,5836
2015-12-11,600436,11:21:41,1,58.31,1,5831
2015-12-11,600436,11:21:21,2,58.36,3,19317
2015-12-11,600436,11:21:11,2,58.36,1,5836
2015-12-11,600436,11:21:06,2,58.36,1,5836
2015-12-11,600436,11:20:56,2,58.36,8,46688
2015-12-11,600436,11:20:51,2,58.36,32,186752
2015-12-11,600436,11:20:31,2,58.36,9,52524
2015-12-11,600436,11:20:21,1,58.3,0,1749
2015-12-11,600436,11:20:16,1,58.28,4,25060
2015-12-11,600436,11:20:01,1,58.28,1,5828
2015-12-11,600436,11:20:01,2,58.28,2,13462
2015-12-11,600436,11:19:41,1,58.27,3,17481
2015-12-11,600436,11:19:31,2,58.28,2,11656
2015-12-11,600436,11:19:26,0,58.28,5,29140
2015-12-11,600436,11:19:06,1,58.26,20,116520
2015-12-11,600436,11:19:06,2,58.3,1,5830
2015-12-11,600436,11:18:46,2,58.3,7,40810
2015-12-11,600436,11:18:31,1,58.27,15,91483
2015-12-11,600436,11:18:16,1,58.3,3,19239
2015-12-11,600436,11:18:16,2,58.3,18,104940
2015-12-11,600436,11:17:36,1,58.25,1,5825
2015-12-11,600436,11:17:21,1,58.25,18,106597
2015-12-11,600436,11:17:06,2,58.26,3,17478
2015-12-11,600436,11:16:51,2,58.26,59,345773
2015-12-11,600436,11:16:41,2,58.25,5,30872
2015-12-11,600436,11:16:31,1,58.24,3,17472
2015-12-11,600436,11:16:21,2,58.24,8,47232
2015-12-11,600436,11:16:16,0,58.22,1,7626
2015-12-11,600436,11:16:01,1,58.21,12,69852
2015-12-11,600436,11:15:51,1,58.21,1,5821
2015-12-11,600436,11:15:46,2,58.24,1,5824
2015-12-11,600436,11:15:36,1,58.24,7,45951
2015-12-11,600436,11:15:21,1,58.25,5,33202
2015-12-11,600436,11:15:16,0,58.25,0,1747
2015-12-11,600436,11:15:06,1,58.24,10,58880
2015-12-11,600436,11:15:01,0,58.24,1,5824
2015-12-11,600436,11:14:46,2,58.25,11,64075
2015-12-11,600436,11:14:36,1,58.25,4,28484
2015-12-11,600436,11:14:36,1,58.25,6,34950
2015-12-11,600436,11:14:16,1,58.25,8,51318
2015-12-11,600436,11:14:06,2,58.26,9,54181
2015-12-11,600436,11:14:01,2,58.25,18,104850
2015-12-11,600436,11:13:31,2,58.25,2,11650
2015-12-11,600436,11:13:26,1,58.2,6,34920
2015-12-11,600436,11:13:16,1,58.2,0,1746
2015-12-11,600436,11:13:11,1,58.2,1,5820
2015-12-11,600436,11:13:01,1,58.2,22,128040
2015-12-11,600436,11:12:51,2,58.2,5,32650
2015-12-11,600436,11:12:46,1,58.19,15,87285
2015-12-11,600436,11:12:31,2,58.2,1,5820
2015-12-11,600436,11:12:26,1,58.2,45,265915
2015-12-11,600436,11:11:56,1,58.22,66,384252
2015-12-11,600436,11:11:46,2,58.25,3,17475
2015-12-11,600436,11:11:41,2,58.25,10,58250
2015-12-11,600436,11:11:36,1,58.22,14,81508
2015-12-11,600436,11:11:26,2,58.25,12,71705
2015-12-11,600436,11:11:06,2,58.25,1,5825
2015-12-11,600436,11:10:56,1,58.19,40,232760
2015-12-11,600436,11:10:41,2,58.26,1,5826
2015-12-11,600436,11:10:36,1,58.25,101,588325
2015-12-11,600436,11:10:21,2,58.25,25,146906
2015-12-11,600436,11:10:06,1,58.2,140,814800
2015-12-11,600436,11:10:06,2,58.25,1,5825
2015-12-11,600436,11:09:56,2,58.25,1,5825
2015-12-11,600436,11:09:41,2,58.25,2,11650
2015-12-11,600436,11:09:35,1,58.25,10,58716
2015-12-11,600436,11:09:25,2,58.26,2,11652
2015-12-11,600436,11:09:20,1,58.25,0,1805
2015-12-11,600436,11:09:10,2,58.26,42,244692
2015-12-11,600436,11:08:55,1,58.26,25,145650
2015-12-11,600436,11:08:40,1,58.27,8,46616
2015-12-11,600436,11:08:30,2,58.3,10,58300
2015-12-11,600436,11:08:05,1,58.3,5,33231
2015-12-11,600436,11:07:50,0,58.34,2,11668
2015-12-11,600436,11:07:40,2,58.35,1,5835
2015-12-11,600436,11:07:20,1,58.3,0,1749
2015-12-11,600436,11:07:10,2,58.35,2,11670
2015-12-11,600436,11:06:50,1,58.35,14,85716
2015-12-11,600436,11:06:50,1,58.35,3,17505
2015-12-11,600436,11:06:40,2,58.35,5,30983
2015-12-11,600436,11:06:20,2,58.3,6,34980
2015-12-11,600436,11:06:10,1,58.3,6,34980
2015-12-11,600436,11:06:05,1,58.3,1,5830
2015-12-11,600436,11:05:50,2,58.35,22,128370
2015-12-11,600436,11:05:30,2,58.35,1,5835
2015-12-11,600436,11:05:20,1,58.3,3,17490
2015-12-11,600436,11:05:15,2,58.3,32,190116
2015-12-11,600436,11:05:15,2,58.3,48,279840
2015-12-11,600436,11:05:00,1,58.25,15,87375
2015-12-11,600436,11:04:50,2,58.3,1,5830
2015-12-11,600436,11:04:50,1,58.3,11,68152
2015-12-11,600436,11:04:30,2,58.35,4,23340
2015-12-11,600436,11:04:15,1,58.3,0,1807
2015-12-11,600436,11:04:10,2,58.3,1,5830
2015-12-11,600436,11:04:00,2,58.28,1,5828
2015-12-11,600436,11:03:50,1,58.24,24,139776
2015-12-11,600436,11:03:45,2,58.25,2,15960
2015-12-11,600436,11:03:40,2,58.25,1,5825
2015-12-11,600436,11:03:25,2,58.25,40,233000
2015-12-11,600436,11:03:20,2,58.24,5,29120
2015-12-11,600436,11:03:15,1,58.24,17,99008
2015-12-11,600436,11:03:10,0,58.24,3,17472
2015-12-11,600436,11:03:00,1,58.28,6,38231
2015-12-11,600436,11:03:00,2,58.28,38,224028
2015-12-11,600436,11:02:40,1,58.23,1,5823
2015-12-11,600436,11:02:30,1,58.28,4,26575
2015-12-11,600436,11:02:25,2,58.28,10,60844
2015-12-11,600436,11:02:15,1,58.23,17,103998
2015-12-11,600436,11:02:10,1,58.23,23,133929
2015-12-11,600436,11:01:55,2,58.28,11,64108
2015-12-11,600436,11:01:50,1,58.23,35,203805
2015-12-11,600436,11:01:40,1,58.23,0,3552
2015-12-11,600436,11:01:35,1,58.23,72,419256
2015-12-11,600436,11:01:25,2,58.3,11,64130
2015-12-11,600436,11:01:20,1,58.25,14,81550
2015-12-11,600436,11:01:15,1,58.25,24,139800
2015-12-11,600436,11:01:05,0,58.3,1,5830
2015-12-11,600436,11:00:55,1,58.27,15,87405
2015-12-11,600436,11:00:50,1,58.3,5,29150
2015-12-11,600436,11:00:40,1,58.3,60,349800
2015-12-11,600436,11:00:35,1,58.3,5,29150
2015-12-11,600436,11:00:25,1,58.3,7,40810
2015-12-11,600436,11:00:20,1,58.3,41,240779
2015-12-11,600436,11:00:20,1,58.3,3,17490
2015-12-11,600436,11:00:10,1,58.3,31,180730
2015-12-11,600436,10:59:45,1,58.3,1,5830
2015-12-11,600436,10:59:35,2,58.3,50,293249
2015-12-11,600436,10:59:30,1,58.27,30,174810
2015-12-11,600436,10:59:20,1,58.28,11,64108
2015-12-11,600436,10:59:15,1,58.28,21,124194
2015-12-11,600436,10:59:05,2,58.3,10,58300
2015-12-11,600436,10:59:00,1,58.28,20,116560
2015-12-11,600436,10:58:50,0,58.28,3,17484
2015-12-11,600436,10:58:35,1,58.3,7,44891
2015-12-11,600436,10:58:30,2,58.3,5,30899
2015-12-11,600436,10:58:15,1,58.27,15,87405
2015-12-11,600436,10:58:10,1,58.28,3,17484
2015-12-11,600436,10:58:00,2,58.3,0,1749
2015-12-11,600436,10:57:50,2,58.33,7,40831
2015-12-11,600436,10:57:40,1,58.3,6,39061
2015-12-11,600436,10:57:35,1,58.3,3,17490
2015-12-11,600436,10:57:25,2,58.3,2,13409
2015-12-11,600436,10:57:20,1,58.28,15,87420
2015-12-11,600436,10:57:10,1,58.28,0,1748
2015-12-11,600436,10:57:05,2,58.3,78,454740
2015-12-11,600436,10:56:50,1,58.29,7,40803
2015-12-11,600436,10:56:40,2,58.3,5,29150
2015-12-11,600436,10:56:35,2,58.3,9,52470
2015-12-11,600436,10:56:35,2,58.3,1,5830
2015-12-11,600436,10:56:15,2,58.3,3,17490
2015-12-11,600436,10:56:05,1,58.3,58,342221
2015-12-11,600436,10:55:44,2,58.36,4,23344
2015-12-11,600436,10:55:34,0,58.36,8,46688
2015-12-11,600436,10:55:29,1,58.3,6,34980
2015-12-11,600436,10:55:14,1,58.3,0,1749
2015-12-11,600436,10:55:04,2,58.36,58,338488
2015-12-11,600436,10:54:44,2,58.36,108,630288
2015-12-11,600436,10:54:24,2,58.3,83,483890
2015-12-11,600436,10:54:14,1,58.26,11,65892
2015-12-11,600436,10:54:09,1,58.25,8,46600
2015-12-11,600436,10:53:54,2,58.29,31,180699
2015-12-11,600436,10:53:44,1,58.25,13,75725
2015-12-11,600436,10:53:29,1,58.25,12,69900
2015-12-11,600436,10:53:14,1,58.25,0,1747
2015-12-11,600436,10:53:09,1,58.25,2,11650
2015-12-11,600436,10:52:54,1,58.25,79,463670
2015-12-11,600436,10:52:39,2,58.36,82,478552
2015-12-11,600436,10:52:24,1,58.36,9,52524
2015-12-11,600436,10:52:04,1,58.39,16,93424
2015-12-11,600436,10:51:59,0,58.4,20,116800
2015-12-11,600436,10:51:39,0,58.4,3,17520
2015-12-11,600436,10:51:34,1,58.47,4,25668
2015-12-11,600436,10:51:24,1,58.47,30,175410
2015-12-11,600436,10:51:19,2,58.48,54,315792
2015-12-11,600436,10:51:09,1,58.47,0,1812
2015-12-11,600436,10:51:09,2,58.47,12,70164
2015-12-11,600436,10:50:09,0,58.4,0,1752
2015-12-11,600436,10:50:04,1,58.38,1,5838
2015-12-11,600436,10:49:59,0,58.48,11,64328
2015-12-11,600436,10:49:29,2,58.47,1,5847
2015-12-11,600436,10:49:14,1,58.36,10,60169
2015-12-11,600436,10:48:59,1,58.36,14,81704
2015-12-11,600436,10:48:54,2,58.36,21,122556
2015-12-11,600436,10:48:44,1,58.35,6,35010
2015-12-11,600436,10:48:14,0,58.36,0,1750
2015-12-11,600436,10:47:59,2,58.47,3,17541
2015-12-11,600436,10:47:39,1,58.35,24,140040
2015-12-11,600436,10:47:19,1,58.5,26,154440
2015-12-11,600436,10:47:09,1,58.53,1,7608
2015-12-11,600436,10:46:59,1,58.53,2,11706
2015-12-11,600436,10:46:44,1,58.53,6,35118
2015-12-11,600436,10:46:14,1,58.53,6,35118
2015-12-11,600436,10:46:04,1,58.53,25,146325
2015-12-11,600436,10:45:59,1,58.57,1,5857
2015-12-11,600436,10:45:49,1,58.57,1,5857
2015-12-11,600436,10:45:44,1,58.55,5,29275
2015-12-11,600436,10:45:24,2,58.6,5,29300
2015-12-11,600436,10:45:14,2,58.6,1,5860
2015-12-11,600436,10:45:09,1,58.6,50,296223
2015-12-11,600436,10:44:59,2,58.62,14,82068
2015-12-11,600436,10:44:44,1,58.6,3,17580
2015-12-11,600436,10:44:24,2,58.59,20,119816
2015-12-11,600436,10:44:09,0,58.54,0,1814
2015-12-11,600436,10:43:54,2,58.58,1,5858
2015-12-11,600436,10:43:29,1,58.58,0,3221
2015-12-11,600436,10:43:24,1,58.58,35,205030
2015-12-11,600436,10:43:09,1,58.59,2,11718
2015-12-11,600436,10:43:04,1,58.59,23,134757
2015-12-11,600436,10:42:54,2,58.62,7,42792
2015-12-11,600436,10:42:33,2,58.6,6,35160
2015-12-11,600436,10:42:08,2,58.6,2,11720
2015-12-11,600436,10:42:03,1,58.6,1,5860
2015-12-11,600436,10:41:48,2,58.62,3,17586
2015-12-11,600436,10:41:33,1,58.62,3,17586
2015-12-11,600436,10:41:23,2,58.66,2,11732
2015-12-11,600436,10:41:18,1,58.63,4,23452
2015-12-11,600436,10:40:58,1,58.63,1,5863
2015-12-11,600436,10:40:48,1,58.63,2,11726
2015-12-11,600436,10:40:33,2,58.62,2,11724
2015-12-11,600436,10:40:33,2,58.63,71,418031
2015-12-11,600436,10:39:38,2,58.63,113,662519
2015-12-11,600436,10:39:38,2,58.59,1,5859
2015-12-11,600436,10:39:28,2,58.59,16,93744
2015-12-11,600436,10:39:13,1,58.58,3,17574
2015-12-11,600436,10:39:08,2,58.59,6,36970
2015-12-11,600436,10:38:58,1,58.58,1,5858
2015-12-11,600436,10:38:53,2,58.59,3,22322
2015-12-11,600436,10:38:43,2,58.59,2,11718
2015-12-11,600436,10:38:38,2,58.59,1,5859
2015-12-11,600436,10:38:38,1,58.58,2,11716
2015-12-11,600436,10:38:08,1,58.58,1,7615
2015-12-11,600436,10:38:03,2,58.58,23,135436
2015-12-11,600436,10:37:53,1,58.53,1,5853
2015-12-11,600436,10:37:33,1,58.53,12,70236
2015-12-11,600436,10:37:23,2,58.55,1,5855
2015-12-11,600436,10:37:18,1,58.55,34,199070
2015-12-11,600436,10:37:08,1,58.58,1,9197
2015-12-11,600436,10:37:03,1,58.58,1,5858
2015-12-11,600436,10:36:53,2,58.58,14,84530
2015-12-11,600436,10:36:48,1,58.55,54,319507
2015-12-11,600436,10:36:28,1,58.55,1,5855
2015-12-11,600436,10:36:08,2,58.55,0,2517
2015-12-11,600436,10:35:58,2,58.55,1,5855
2015-12-11,600436,10:35:48,2,58.55,1,5855
2015-12-11,600436,10:35:23,1,58.54,2,11708
2015-12-11,600436,10:35:08,2,58.55,1,7611
2015-12-11,600436,10:34:53,2,58.54,4,23416
2015-12-11,600436,10:34:43,0,58.53,6,35118
2015-12-11,600436,10:34:08,2,58.54,4,25230
2015-12-11,600436,10:33:53,2,58.54,4,23416
2015-12-11,600436,10:33:33,2,58.54,5,29270
2015-12-11,600436,10:33:23,1,58.51,1,5851
2015-12-11,600436,10:33:18,1,58.51,3,17553
2015-12-11,600436,10:33:08,1,58.51,1,7606
2015-12-11,600436,10:33:03,0,58.55,2,11710
2015-12-11,600436,10:32:38,1,58.51,46,269146
2015-12-11,600436,10:32:28,2,58.57,4,23428
2015-12-11,600436,10:32:18,2,58.58,9,52722
2015-12-11,600436,10:32:03,1,58.51,1,5851
2015-12-11,600436,10:31:43,1,58.58,41,240178
2015-12-11,600436,10:31:33,1,58.58,4,23432
2015-12-11,600436,10:31:28,2,58.57,56,327992
2015-12-11,600436,10:31:18,1,58.57,2,11714
2015-12-11,600436,10:31:13,2,58.58,4,23432
2015-12-11,600436,10:31:08,2,58.58,1,5858
2015-12-11,600436,10:30:58,0,58.57,1,5857
2015-12-11,600436,10:30:43,1,58.55,3,17565
2015-12-11,600436,10:30:38,2,58.57,401,2353986
2015-12-11,600436,10:30:38,2,58.57,4,23428
2015-12-11,600436,10:30:23,2,58.57,8,46856
2015-12-11,600436,10:30:13,0,58.51,1,5851
2015-12-11,600436,10:29:43,2,58.5,1,5850
2015-12-11,600436,10:29:38,2,58.49,5,29245
2015-12-11,600436,10:29:08,1,58.43,10,58430
2015-12-11,600436,10:29:08,1,58.45,1,5845
2015-12-11,600436,10:28:52,2,58.43,1,9348
2015-12-11,600436,10:28:42,1,58.41,11,64250
2015-12-11,600436,10:28:32,2,58.43,20,116860
2015-12-11,600436,10:28:17,2,58.4,16,93440
2015-12-11,600436,10:28:07,2,58.4,21,122640
2015-12-11,600436,10:27:52,2,58.4,17,99280
2015-12-11,600436,10:27:32,2,58.38,5,29190
2015-12-11,600436,10:27:22,2,58.38,30,175140
2015-12-11,600436,10:27:17,2,58.38,23,134274
2015-12-11,600436,10:27:07,0,58.37,9,52533
2015-12-11,600436,10:26:47,2,58.38,5,29190
2015-12-11,600436,10:26:42,2,58.38,1,5838
2015-12-11,600436,10:26:32,1,58.38,2,11676
2015-12-11,600436,10:26:27,1,58.3,3,17490
2015-12-11,600436,10:26:12,1,58.32,39,227448
2015-12-11,600436,10:25:52,2,58.38,18,105084
2015-12-11,600436,10:25:52,1,58.31,1,5831
2015-12-11,600436,10:25:42,1,58.4,16,93440
2015-12-11,600436,10:25:22,1,58.42,1,5842
2015-12-11,600436,10:25:12,1,58.38,2,11676
2015-12-11,600436,10:25:02,2,58.43,2,11686
2015-12-11,600436,10:24:47,1,58.43,5,31552
2015-12-11,600436,10:24:32,2,58.46,24,143811
2015-12-11,600436,10:24:17,0,58.42,3,17526
2015-12-11,600436,10:24:07,1,58.25,371,2161075
2015-12-11,600436,10:23:47,2,58.46,16,93536
2015-12-11,600436,10:23:32,1,58.48,10,58480
2015-12-11,600436,10:23:07,2,58.56,1,5856
2015-12-11,600436,10:23:02,1,58.56,11,64416
2015-12-11,600436,10:22:57,2,58.59,1,5859
2015-12-11,600436,10:22:57,1,58.56,4,23424
2015-12-11,600436,10:22:47,1,58.56,9,52704
2015-12-11,600436,10:22:42,2,58.59,5,29295
2015-12-11,600436,10:22:27,0,58.54,2,11708
2015-12-11,600436,10:22:12,2,58.59,32,187488
2015-12-11,600436,10:22:12,1,58.56,19,114192
2015-12-11,600436,10:21:27,1,58.56,12,70272
2015-12-11,600436,10:21:17,2,58.59,17,99603
2015-12-11,600436,10:21:07,2,58.59,39,228501
2015-12-11,600436,10:20:57,2,58.58,13,79083
2015-12-11,600436,10:20:52,2,58.58,4,23432
2015-12-11,600436,10:20:42,1,58.56,1,5856
2015-12-11,600436,10:20:42,2,58.55,13,76115
2015-12-11,600436,10:20:27,2,58.54,2,11708
2015-12-11,600436,10:20:22,0,58.49,1,5849
2015-12-11,600436,10:20:12,2,58.54,7,40978
2015-12-11,600436,10:20:07,1,58.48,5,29240
2015-12-11,600436,10:19:52,2,58.56,1,5856
2015-12-11,600436,10:19:47,0,58.49,3,17547
2015-12-11,600436,10:19:22,1,58.42,1,5842
2015-12-11,600436,10:19:17,2,58.48,9,52632
2015-12-11,600436,10:19:07,2,58.55,12,70260
2015-12-11,600436,10:18:52,2,58.55,11,64405
2015-12-11,600436,10:18:32,0,58.48,5,29240
2015-12-11,600436,10:18:17,2,58.48,1,5848
2015-12-11,600436,10:18:03,0,58.48,3,17544
2015-12-11,600436,10:17:53,2,58.49,2,11698
2015-12-11,600436,10:17:43,1,58.41,3,17523
2015-12-11,600436,10:17:23,2,58.5,15,87750
2015-12-11,600436,10:16:58,2,58.5,1,5850
2015-12-11,600436,10:16:38,2,58.5,5,29250
2015-12-11,600436,10:16:33,2,58.37,5,29185
2015-12-11,600436,10:16:28,1,58.37,9,52533
2015-12-11,600436,10:16:13,2,58.39,4,23356
2015-12-11,600436,10:16:08,2,58.39,2,11678
2015-12-11,600436,10:15:53,2,58.4,11,64240
2015-12-11,600436,10:15:48,1,58.37,31,180947
2015-12-11,600436,10:15:43,0,58.39,6,35034
2015-12-11,600436,10:15:38,1,58.37,16,93392
2015-12-11,600436,10:15:23,2,58.37,17,99229
2015-12-11,600436,10:15:18,2,58.35,59,344265
2015-12-11,600436,10:15:13,2,58.35,7,40845
2015-12-11,600436,10:15:03,1,58.35,8,46680
2015-12-11,600436,10:14:53,2,58.37,1,5837
2015-12-11,600436,10:14:48,1,58.35,4,23340
2015-12-11,600436,10:14:38,2,58.35,3,17505
2015-12-11,600436,10:14:33,1,58.34,40,233360
2015-12-11,600436,10:14:28,2,58.34,17,99178
2015-12-11,600436,10:14:23,2,58.34,13,75842
2015-12-11,600436,10:14:18,2,58.34,2,11668
2015-12-11,600436,10:14:13,1,58.33,5,29165
2015-12-11,600436,10:14:03,1,58.33,1,5833
2015-12-11,600436,10:13:48,2,58.34,8,46672
2015-12-11,600436,10:13:43,1,58.33,8,46664
2015-12-11,600436,10:13:38,2,58.34,37,215858
2015-12-11,600436,10:13:32,2,58.34,4,23336
2015-12-11,600436,10:13:27,1,58.34,10,58340
2015-12-11,600436,10:13:22,1,58.35,2,11670
2015-12-11,600436,10:13:17,2,58.39,10,58390
2015-12-11,600436,10:13:12,2,58.39,6,35034
2015-12-11,600436,10:12:57,1,58.39,18,105102
2015-12-11,600436,10:12:52,2,58.4,3,17520
2015-12-11,600436,10:12:47,2,58.4,3,17520
2015-12-11,600436,10:12:42,2,58.4,8,46720
2015-12-11,600436,10:12:37,2,58.4,6,35040
2015-12-11,600436,10:12:32,2,58.4,2,11680
2015-12-11,600436,10:12:27,2,58.4,5,29200
2015-12-11,600436,10:12:17,2,58.4,1,5840
2015-12-11,600436,10:12:12,0,58.39,1,5839
2015-12-11,600436,10:12:02,2,58.39,4,23356
2015-12-11,600436,10:11:57,1,58.35,1,5835
2015-12-11,600436,10:11:52,1,58.32,7,40824
2015-12-11,600436,10:11:47,2,58.4,14,81760
2015-12-11,600436,10:11:42,2,58.4,2,11680
2015-12-11,600436,10:11:32,2,58.4,38,221920
2015-12-11,600436,10:11:17,0,58.34,28,163352
2015-12-11,600436,10:11:07,2,58.4,14,81760
2015-12-11,600436,10:11:02,1,58.32,5,29160
2015-12-11,600436,10:10:57,2,58.4,5,29200
2015-12-11,600436,10:10:52,1,58.32,1,5832
2015-12-11,600436,10:10:42,1,58.32,20,116640
2015-12-11,600436,10:10:37,2,58.32,21,122472
2015-12-11,600436,10:10:32,2,58.32,4,23328
2015-12-11,600436,10:10:22,1,58.3,3,17490
2015-12-11,600436,10:10:17,1,58.3,2,11660
2015-12-11,600436,10:10:12,1,58.3,11,64130
2015-12-11,600436,10:10:07,2,58.31,18,104958
2015-12-11,600436,10:10:02,1,58.3,4,23320
2015-12-11,600436,10:09:57,1,58.3,2,11660
2015-12-11,600436,10:09:42,1,58.31,11,64141
2015-12-11,600436,10:09:37,1,58.31,2,11662
2015-12-11,600436,10:09:32,2,58.32,2,11664
2015-12-11,600436,10:09:27,2,58.32,5,29160
2015-12-11,600436,10:09:22,1,58.31,5,29155
2015-12-11,600436,10:09:17,1,58.32,41,239112
2015-12-11,600436,10:09:07,2,58.38,23,134274
2015-12-11,600436,10:08:52,1,58.32,5,29160
2015-12-11,600436,10:08:41,2,58.4,5,29200
2015-12-11,600436,10:08:36,1,58.32,59,344088
2015-12-11,600436,10:08:31,2,58.39,9,52551
2015-12-11,600436,10:08:26,2,58.39,10,58390
2015-12-11,600436,10:08:16,1,58.3,80,466400
2015-12-11,600436,10:08:11,2,58.38,19,110922
2015-12-11,600436,10:08:06,2,58.32,3,17496
2015-12-11,600436,10:08:01,1,58.32,12,69984
2015-12-11,600436,10:07:56,1,58.32,24,139968
2015-12-11,600436,10:07:51,1,58.32,3,17496
2015-12-11,600436,10:07:46,1,58.32,18,104976
2015-12-11,600436,10:07:41,1,58.32,3,17496
2015-12-11,600436,10:07:36,2,58.38,9,52542
2015-12-11,600436,10:07:31,2,58.38,10,58380
2015-12-11,600436,10:07:21,1,58.35,4,23340
2015-12-11,600436,10:07:11,1,58.38,13,75894
2015-12-11,600436,10:07:06,1,58.38,28,163464
2015-12-11,600436,10:06:56,2,58.38,59,344442
2015-12-11,600436,10:06:51,0,58.35,2,11670
2015-12-11,600436,10:06:46,2,58.38,9,52542
2015-12-11,600436,10:06:41,1,58.3,5,29150
2015-12-11,600436,10:06:36,1,58.31,25,145775
2015-12-11,600436,10:06:31,2,58.35,17,99195
2015-12-11,600436,10:06:26,1,58.32,40,233280
2015-12-11,600436,10:06:16,2,58.35,12,70020
2015-12-11,600436,10:06:11,1,58.37,82,478634
2015-12-11,600436,10:06:06,2,58.38,7,40866
2015-12-11,600436,10:06:01,1,58.38,20,116760
2015-12-11,600436,10:05:56,2,58.39,4,23356
2015-12-11,600436,10:05:51,1,58.36,4,23344
2015-12-11,600436,10:05:46,1,58.32,54,314928
2015-12-11,600436,10:05:41,2,58.38,4,23352
2015-12-11,600436,10:05:36,2,58.38,10,58380
2015-12-11,600436,10:05:31,1,58.38,25,145950
2015-12-11,600436,10:05:26,1,58.39,8,46712
2015-12-11,600436,10:05:16,1,58.39,6,35034
2015-12-11,600436,10:05:11,1,58.39,6,35034
2015-12-11,600436,10:05:06,2,58.45,3,17535
2015-12-11,600436,10:04:56,0,58.39,1,5839
2015-12-11,600436,10:04:51,2,58.4,2,11680
2015-12-11,600436,10:04:41,0,58.41,54,315414
2015-12-11,600436,10:04:36,1,58.4,7,40880
2015-12-11,600436,10:04:21,1,58.4,30,175200
2015-12-11,600436,10:04:16,2,58.48,4,23392
2015-12-11,600436,10:04:01,2,58.48,16,93568
2015-12-11,600436,10:03:55,1,58.4,12,70080
2015-12-11,600436,10:03:45,2,58.48,9,52632
2015-12-11,600436,10:03:35,0,58.41,2,11682
2015-12-11,600436,10:03:20,1,58.4,12,70080
2015-12-11,600436,10:03:10,0,58.4,2,11680
2015-12-11,600436,10:02:55,2,58.49,49,286601
2015-12-11,600436,10:02:40,2,58.39,24,140136
2015-12-11,600436,10:02:35,2,58.39,10,58390
2015-12-11,600436,10:02:30,1,58.39,7,40873
2015-12-11,600436,10:02:25,1,58.39,11,64229
2015-12-11,600436,10:02:20,2,58.4,2,11680
2015-12-11,600436,10:02:15,2,58.4,8,46720
2015-12-11,600436,10:02:10,2,58.4,13,75920
2015-12-11,600436,10:02:05,2,58.4,4,23360
2015-12-11,600436,10:01:55,2,58.4,11,64240
2015-12-11,600436,10:01:50,0,58.4,12,70080
2015-12-11,600436,10:01:40,2,58.5,17,99450
2015-12-11,600436,10:01:35,2,58.5,10,58500
2015-12-11,600436,10:01:30,1,58.4,6,35040
2015-12-11,600436,10:01:15,1,58.4,6,35040
2015-12-11,600436,10:01:10,2,58.4,20,116800
2015-12-11,600436,10:01:05,2,58.38,89,519582
2015-12-11,600436,10:00:55,2,58.38,4,23352
2015-12-11,600436,10:00:50,1,58.38,42,245196
2015-12-11,600436,10:00:45,0,58.39,1,5839
2015-12-11,600436,10:00:40,1,58.38,5,29190
2015-12-11,600436,10:00:35,2,58.38,1,5838
2015-12-11,600436,10:00:30,2,58.38,162,945756
2015-12-11,600436,10:00:25,1,58.36,8,46688
2015-12-11,600436,10:00:20,1,58.36,1,5836
2015-12-11,600436,10:00:15,2,58.38,2,11676
2015-12-11,600436,10:00:10,2,58.38,18,105084
2015-12-11,600436,10:00:05,0,58.36,19,110884
2015-12-11,600436,09:59:55,1,58.35,9,52515
2015-12-11,600436,09:59:50,1,58.35,11,64185
2015-12-11,600436,09:59:45,2,58.38,12,70056
2015-12-11,600436,09:59:40,1,58.35,10,58350
2015-12-11,600436,09:59:35,1,58.35,2,11670
2015-12-11,600436,09:59:30,1,58.38,23,134274
2015-12-11,600436,09:59:25,1,58.38,36,210168
2015-12-11,600436,09:59:20,1,58.38,6,35028
2015-12-11,600436,09:59:15,2,58.38,87,507906
2015-12-11,600436,09:59:05,1,58.35,13,75855
2015-12-11,600436,09:58:59,2,58.38,1,5838
2015-12-11,600436,09:58:49,1,58.38,10,58380
2015-12-11,600436,09:58:44,1,58.4,106,619040
2015-12-11,600436,09:58:39,0,58.41,1,5841
2015-12-11,600436,09:58:29,2,58.42,10,58420
2015-12-11,600436,09:58:24,1,58.4,106,619040
2015-12-11,600436,09:58:14,1,58.42,17,99314
2015-12-11,600436,09:57:59,1,58.48,31,181288
2015-12-11,600436,09:57:54,0,58.53,2,11706
2015-12-11,600436,09:57:49,0,58.52,1,5852
2015-12-11,600436,09:57:44,1,58.5,50,292500
2015-12-11,600436,09:57:39,2,58.54,8,46832
2015-12-11,600436,09:57:34,1,58.52,11,64372
2015-12-11,600436,09:57:29,2,58.59,9,52731
2015-12-11,600436,09:57:24,1,58.54,1,5854
2015-12-11,600436,09:57:09,1,58.58,44,257752
2015-12-11,600436,09:57:04,2,58.66,6,35196
2015-12-11,600436,09:56:49,1,58.6,81,474660
2015-12-11,600436,09:56:34,1,58.65,20,117300
2015-12-11,600436,09:56:29,1,58.66,8,46928
2015-12-11,600436,09:56:24,1,58.66,7,41062
2015-12-11,600436,09:56:14,2,58.68,3,17604
2015-12-11,600436,09:56:04,2,58.68,2,11736
2015-12-11,600436,09:55:49,1,58.73,131,769363
2015-12-11,600436,09:55:44,2,58.76,1,5876
2015-12-11,600436,09:55:29,2,58.76,3,17628
2015-12-11,600436,09:55:24,1,58.75,7,41125
2015-12-11,600436,09:55:09,2,58.75,1,5875
2015-12-11,600436,09:54:59,1,58.74,2,11748
2015-12-11,600436,09:54:54,2,58.74,5,29370
2015-12-11,600436,09:54:34,1,58.73,2,11746
2015-12-11,600436,09:54:29,1,58.73,9,52857
2015-12-11,600436,09:54:14,2,58.73,5,29365
2015-12-11,600436,09:54:09,2,58.73,16,93968
2015-12-11,600436,09:54:03,0,58.7,2,11740
2015-12-11,600436,09:53:33,2,58.72,64,375808
2015-12-11,600436,09:53:23,0,58.65,1,5865
2015-12-11,600436,09:53:18,1,58.64,2,11728
2015-12-11,600436,09:53:13,0,58.65,10,58650
2015-12-11,600436,09:53:03,2,58.64,13,79164
2015-12-11,600436,09:52:58,1,58.63,11,64493
2015-12-11,600436,09:52:53,1,58.63,1,5863
2015-12-11,600436,09:52:48,1,58.63,2,11726
2015-12-11,600436,09:52:43,0,58.64,9,52776
2015-12-11,600436,09:52:23,1,58.63,2,11726
2015-12-11,600436,09:52:13,1,58.63,4,23452
2015-12-11,600436,09:52:03,1,58.63,3,17589
2015-12-11,600436,09:51:58,1,58.63,10,58630
2015-12-11,600436,09:51:48,1,58.64,12,70368
2015-12-11,600436,09:51:43,2,58.74,5,29370
2015-12-11,600436,09:51:38,1,58.74,6,35244
2015-12-11,600436,09:51:28,2,58.79,2,11758
2015-12-11,600436,09:51:18,2,58.76,5,29380
2015-12-11,600436,09:51:13,1,58.74,1,5874
2015-12-11,600436,09:51:08,1,58.76,2,11752
2015-12-11,600436,09:50:58,0,58.79,3,17637
2015-12-11,600436,09:50:38,2,58.8,10,58800
2015-12-11,600436,09:50:33,1,58.74,3,17622
2015-12-11,600436,09:50:28,1,58.74,1,5874
2015-12-11,600436,09:50:23,1,58.74,7,41118
2015-12-11,600436,09:50:08,1,58.74,2,11748
2015-12-11,600436,09:50:03,1,58.74,8,46992
2015-12-11,600436,09:49:48,1,58.74,2,11748
2015-12-11,600436,09:49:43,1,58.8,6,35280
2015-12-11,600436,09:49:38,1,58.83,17,102070
2015-12-11,600436,09:49:33,1,58.85,8,47080
2015-12-11,600436,09:49:28,1,58.85,2,11770
2015-12-11,600436,09:49:23,1,58.85,6,35310
2015-12-11,600436,09:49:13,2,58.9,72,424080
2015-12-11,600436,09:49:07,1,58.88,2,11776
2015-12-11,600436,09:49:02,2,58.9,1,5890
2015-12-11,600436,09:48:57,2,58.9,4,23560
2015-12-11,600436,09:48:52,2,58.9,7,41230
2015-12-11,600436,09:48:47,1,58.9,3,17670
2015-12-11,600436,09:48:42,2,58.91,2,11782
2015-12-11,600436,09:48:32,1,58.92,3,17676
2015-12-11,600436,09:48:27,1,58.91,4,23564
2015-12-11,600436,09:48:22,2,58.95,9,53055
2015-12-11,600436,09:48:17,2,58.94,8,47152
2015-12-11,600436,09:48:12,2,58.94,5,29470
2015-12-11,600436,09:48:07,0,58.94,3,17682
2015-12-11,600436,09:47:52,1,58.91,4,23564
2015-12-11,600436,09:47:47,2,58.91,10,58910
2015-12-11,600436,09:47:37,1,58.9,1,5890
2015-12-11,600436,09:47:27,2,58.9,23,135470
2015-12-11,600436,09:47:22,2,58.88,6,38272
2015-12-11,600436,09:47:12,2,58.88,11,64768
2015-12-11,600436,09:47:07,1,58.85,3,18537
2015-12-11,600436,09:47:02,2,58.85,24,144182
2015-12-11,600436,09:46:57,2,58.85,2,11770
2015-12-11,600436,09:46:52,0,58.8,6,35280
2015-12-11,600436,09:46:37,2,58.85,2,11770
2015-12-11,600436,09:46:32,1,58.74,2,12452
2015-12-11,600436,09:46:27,0,58.84,1,5884
2015-12-11,600436,09:46:07,1,58.74,2,11748
2015-12-11,600436,09:46:02,1,58.74,6,35244
2015-12-11,600436,09:45:57,2,58.74,11,69195
2015-12-11,600436,09:45:52,1,58.52,2,11704
2015-12-11,600436,09:45:47,1,58.51,4,23404
2015-12-11,600436,09:45:42,1,58.51,2,11702
2015-12-11,600436,09:45:27,2,58.6,68,398480
2015-12-11,600436,09:45:17,2,58.6,15,87900
2015-12-11,600436,09:45:07,1,58.41,28,163548
2015-12-11,600436,09:45:02,1,58.51,3,17553
2015-12-11,600436,09:44:57,1,58.51,1,5851
2015-12-11,600436,09:44:52,1,58.51,2,11702
2015-12-11,600436,09:44:42,2,58.5,1,5850
2015-12-11,600436,09:44:37,2,58.62,17,101236
2015-12-11,600436,09:44:32,2,58.51,3,20478
2015-12-11,600436,09:44:27,1,58.5,3,17550
2015-12-11,600436,09:44:11,1,58.53,6,38044
2015-12-11,600436,09:44:06,2,58.6,9,52740
2015-12-11,600436,09:44:01,2,58.6,11,64460
2015-12-11,600436,09:43:51,0,58.6,3,17580
2015-12-11,600436,09:43:41,1,58.65,1,5865
2015-12-11,600436,09:43:36,1,58.65,10,58650
2015-12-11,600436,09:43:31,1,58.65,19,111435
2015-12-11,600436,09:43:26,2,58.65,2,11730
2015-12-11,600436,09:43:21,0,58.64,1,5864
2015-12-11,600436,09:43:11,1,58.55,10,58550
2015-12-11,600436,09:43:06,0,58.66,11,69512
2015-12-11,600436,09:42:51,1,58.65,10,58650
2015-12-11,600436,09:42:46,2,58.67,3,17601
2015-12-11,600436,09:42:41,1,58.65,12,70380
2015-12-11,600436,09:42:31,1,58.68,0,1290
2015-12-11,600436,09:42:26,1,58.68,3,17604
2015-12-11,600436,09:42:21,1,58.68,1,5868
2015-12-11,600436,09:42:16,2,58.69,3,17607
2015-12-11,600436,09:42:11,2,58.69,13,76297
2015-12-11,600436,09:42:06,1,58.68,5,29340
2015-12-11,600436,09:42:01,1,58.68,3,22181
2015-12-11,600436,09:41:56,1,58.68,23,134964
2015-12-11,600436,09:41:51,1,58.68,9,52812
2015-12-11,600436,09:41:46,1,58.68,3,17604
2015-12-11,600436,09:41:41,1,58.68,43,252324
2015-12-11,600436,09:41:36,2,58.75,52,305500
2015-12-11,600436,09:41:31,1,58.69,1,5869
2015-12-11,600436,09:41:26,1,58.69,1,5869
2015-12-11,600436,09:41:21,2,58.75,2,11750
2015-12-11,600436,09:41:16,1,58.75,2,11750
2015-12-11,600436,09:41:06,2,58.85,22,129470
2015-12-11,600436,09:41:01,2,58.85,4,23540
2015-12-11,600436,09:40:51,2,58.85,20,117700
2015-12-11,600436,09:40:46,2,58.75,30,176250
2015-12-11,600436,09:40:41,1,58.65,4,23460
2015-12-11,600436,09:40:36,1,58.65,5,29325
2015-12-11,600436,09:40:31,2,58.65,47,276534
2015-12-11,600436,09:40:26,1,58.57,19,111283
2015-12-11,600436,09:40:11,2,58.56,18,108336
2015-12-11,600436,09:40:01,2,58.53,8,46824
2015-12-11,600436,09:39:51,0,58.41,25,146025
2015-12-11,600436,09:39:46,2,58.5,1,5850
2015-12-11,600436,09:39:41,0,58.5,4,23400
2015-12-11,600436,09:39:36,1,58.4,6,35040
2015-12-11,600436,09:39:26,1,58.4,4,23360
2015-12-11,600436,09:39:21,2,58.4,15,87600
2015-12-11,600436,09:39:16,1,58.3,1,5830
2015-12-11,600436,09:39:10,2,58.38,3,17514
2015-12-11,600436,09:39:05,0,58.35,1,5835
2015-12-11,600436,09:38:55,1,58.26,11,64086
2015-12-11,600436,09:38:50,0,58.28,2,11656
2015-12-11,600436,09:38:45,0,58.26,12,69912
2015-12-11,600436,09:38:40,1,58.25,124,722300
2015-12-11,600436,09:38:35,1,58.25,24,139800
2015-12-11,600436,09:38:30,1,58.25,15,87375
2015-12-11,600436,09:38:25,2,58.26,5,29130
2015-12-11,600436,09:38:20,2,58.3,9,52470
2015-12-11,600436,09:38:15,2,58.25,110,640750
2015-12-11,600436,09:38:10,2,58.25,25,145625
2015-12-11,600436,09:38:05,1,58.22,20,116440
2015-12-11,600436,09:38:00,2,58.28,1,5828
2015-12-11,600436,09:37:55,1,58.25,6,34950
2015-12-11,600436,09:37:50,2,58.28,3,17484
2015-12-11,600436,09:37:45,1,58.27,105,611835
2015-12-11,600436,09:37:40,1,58.31,12,69972
2015-12-11,600436,09:37:35,1,58.31,16,93296
2015-12-11,600436,09:37:30,2,58.31,6,34986
2015-12-11,600436,09:37:25,1,58.22,19,110618
2015-12-11,600436,09:37:20,2,58.31,48,279888
2015-12-11,600436,09:37:15,2,58.35,14,81690
2015-12-11,600436,09:37:10,1,58.3,15,87450
2015-12-11,600436,09:37:05,1,58.36,20,116720
2015-12-11,600436,09:37:00,0,58.38,62,361956
2015-12-11,600436,09:36:55,2,58.4,23,134320
2015-12-11,600436,09:36:50,2,58.39,3,17517
2015-12-11,600436,09:36:45,1,58.39,58,338662
2015-12-11,600436,09:36:40,1,58.4,65,379600
2015-12-11,600436,09:36:35,0,58.45,2,11690
2015-12-11,600436,09:36:30,1,58.4,20,116800
2015-12-11,600436,09:36:25,2,58.48,3,17544
2015-12-11,600436,09:36:20,2,58.48,29,169592
2015-12-11,600436,09:36:15,1,58.41,4,23364
2015-12-11,600436,09:36:10,1,58.41,2,11682
2015-12-11,600436,09:36:05,1,58.4,22,128480
2015-12-11,600436,09:36:00,2,58.53,58,339474
2015-12-11,600436,09:35:50,1,58.4,26,151840
2015-12-11,600436,09:35:45,2,58.52,12,70224
2015-12-11,600436,09:35:40,2,58.49,1,5849
2015-12-11,600436,09:35:35,1,58.4,78,455520
2015-12-11,600436,09:35:30,1,58.53,60,351180
2015-12-11,600436,09:35:25,1,58.5,3,17550
2015-12-11,600436,09:35:20,1,58.5,103,602550
2015-12-11,600436,09:35:15,2,58.52,8,46816
2015-12-11,600436,09:35:10,1,58.52,5,29260
2015-12-11,600436,09:35:05,1,58.52,9,52668
2015-12-11,600436,09:35:00,2,58.57,81,474417
2015-12-11,600436,09:34:55,0,58.57,2,11714
2015-12-11,600436,09:34:50,1,58.57,21,122997
2015-12-11,600436,09:34:45,1,58.57,1,5857
2015-12-11,600436,09:34:40,1,58.55,7,40985
2015-12-11,600436,09:34:35,1,58.55,21,122955
2015-12-11,600436,09:34:30,2,58.6,5,29300
2015-12-11,600436,09:34:25,0,58.54,3,17562
2015-12-11,600436,09:34:20,1,58.54,3,17562
2015-12-11,600436,09:34:14,2,58.6,17,99620
2015-12-11,600436,09:34:09,2,58.6,2,11720
2015-12-11,600436,09:33:59,1,58.57,5,29285
2015-12-11,600436,09:33:49,0,58.54,1,5854
2015-12-11,600436,09:33:44,1,58.54,10,58540
2015-12-11,600436,09:33:34,2,58.58,9,52722
2015-12-11,600436,09:33:29,1,58.58,3,17574
2015-12-11,600436,09:33:24,2,58.58,4,23432
2015-12-11,600436,09:33:19,2,58.8,29,170520
2015-12-11,600436,09:33:14,1,58.53,32,187296
2015-12-11,600436,09:33:09,1,58.6,28,164080
2015-12-11,600436,09:33:04,2,58.8,9,52920
2015-12-11,600436,09:32:59,1,58.58,23,134734
2015-12-11,600436,09:32:54,1,58.68,10,58680
2015-12-11,600436,09:32:49,1,58.56,27,158112
2015-12-11,600436,09:32:44,2,58.7,5,29350
2015-12-11,600436,09:32:39,0,58.68,6,35208
2015-12-11,600436,09:32:34,2,58.68,3,17604
2015-12-11,600436,09:32:29,1,58.53,5,29265
2015-12-11,600436,09:32:14,2,58.53,26,152178
2015-12-11,600436,09:32:09,2,58.53,2,11706
2015-12-11,600436,09:32:04,2,58.53,15,87795
2015-12-11,600436,09:31:59,2,58.53,1,5853
2015-12-11,600436,09:31:54,1,58.41,2,11682
2015-12-11,600436,09:31:49,2,58.53,33,193149
2015-12-11,600436,09:31:44,2,58.5,22,128700
2015-12-11,600436,09:31:39,0,58.4,8,46720
2015-12-11,600436,09:31:34,0,58.36,22,128392
2015-12-11,600436,09:31:29,1,58.35,58,338430
2015-12-11,600436,09:31:24,0,58.35,17,99195
2015-12-11,600436,09:31:19,1,58.23,56,326088
2015-12-11,600436,09:31:09,1,58.27,11,64097
2015-12-11,600436,09:31:04,1,58.28,12,69936
2015-12-11,600436,09:30:59,1,58.3,12,69960
2015-12-11,600436,09:30:49,1,58.3,17,99110
2015-12-11,600436,09:30:44,1,58.3,2,11660
2015-12-11,600436,09:30:39,2,58.53,1,5853
2015-12-11,600436,09:30:34,1,58.23,45,262035
2015-12-11,600436,09:30:24,1,58.26,1,5826
2015-12-11,600436,09:30:19,1,58.26,49,285474
2015-12-11,600436,09:30:09,1,58.53,48,283870
2015-12-11,600436,09:30:04,1,58.86,17,103005
2015-12-11,600436,09:25:03,2,58.96,5,29480
